0.0  -0.000000 -0.000000 -0.000000
0.5  -0.000000 0.000000 0.069000
1.0  0.000000 -0.000000 0.129000
1.5  0.000000 -0.000000 0.179000
2.0  0.000000 -0.000000 0.219000
2.5  -0.000000 -0.000000 0.251000
3.0  -0.000000 0.000000 0.277000
3.5  0.000000 -0.000000 0.297000
4.0  -0.000000 0.000000 0.314000
4.5  -0.000000 -0.000000 0.328000
5.0  -0.000000 -0.000000 0.341000
5.5  0.000000 0.000000 0.353000
6.0  -0.000000 0.000000 0.364000
6.5  -0.000000 -0.000000 0.376000
7.0  -0.000000 -0.000000 0.390000
7.5  -0.000000 -0.000000 0.405000
8.0  -0.000000 0.000000 0.422000
8.5  -0.000000 0.000000 0.441000
9.0  0.000000 -0.000000 0.463000
9.5  -0.000000 0.000000 0.488000
10.0  0.000000 0.000000 0.517000
10.5  0.000000 0.000000 0.551000
11.0  -0.000000 0.000000 0.589000
11.5  0.000000 0.000000 0.632000
12.0  -0.000000 -0.000000 0.681000
12.5  -0.000000 -0.000000 0.737000
13.0  -0.000000 0.000000 0.800000
13.5  0.000000 -0.000000 0.871000
14.0  0.000000 -0.000000 0.949000
14.5  -0.000000 -0.000000 1.035000
15.0  -0.000000 -0.000000 1.128000
15.5  0.000000 0.000000 1.225000
16.0  -0.000000 -0.000000 1.326000
16.5  -0.000000 -0.000000 1.424000
17.0  0.000000 -0.000000 1.516000
17.5  0.000000 -0.000000 1.593000
18.0  0.000000 -0.000000 1.649000
18.5  -0.000000 0.000000 1.674000
19.0  0.000000 -0.000000 1.661000
19.5  0.000000 0.000000 1.605000
20.0  0.000000 -0.000000 1.501000
20.5  -0.000000 0.000000 1.353000
21.0  -0.000000 0.000000 1.165000
21.5  0.000000 -0.000000 0.946000
22.0  0.000000 -0.000000 0.703000
22.5  0.000000 0.000000 0.442000
23.0  -0.000000 0.000000 0.163000
23.5  0.000000 -0.000000 -0.133000
24.0  0.000000 0.000000 -0.444000
24.5  0.000000 0.000000 -0.763000
25.0  -0.000000 -0.000000 -1.066000
25.5  -0.000000 0.000000 -1.312000
26.0  -0.000000 -0.000000 -1.447000
26.5  -0.000000 0.000000 -1.425000
27.0  0.000000 0.000000 -1.235000
27.5  -0.000000 -0.000000 -0.912000
28.0  -0.000000 -0.000000 -0.510000
28.5  0.000000 0.000000 -0.075000
29.0  0.000000 0.000000 0.363000
29.5  -0.000000 -0.000000 0.778000
30.0  0.000000 0.000000 1.132000
30.5  -0.000000 0.000000 1.375000
31.0  -0.000000 0.000000 1.468000
31.5  -0.000000 0.000000 1.404000
32.0  0.000000 0.000000 1.215000
32.5  -0.000000 0.000000 0.950000
33.0  -0.000000 -0.000000 0.656000
33.5  0.000000 0.000000 0.361000
34.0  -0.000000 -0.000000 0.077000
34.5  0.000000 0.000000 -0.190000
35.0  -0.000000 0.000000 -0.443000
35.5  0.000000 0.000000 -0.681000
36.0  -0.000000 -0.000000 -0.905000
36.5  0.000000 0.000000 -1.113000
37.0  -0.000000 -0.000000 -1.299000
37.5  0.000000 0.000000 -1.457000
38.0  0.000000 -0.000000 -1.579000
38.5  -0.000000 -0.000000 -1.663000
39.0  -0.000000 0.000000 -1.708000
39.5  -0.000000 0.000000 -1.716000
40.0  0.000000 -0.000000 -1.692000
40.5  0.000000 0.000000 -1.643000
41.0  -0.000000 -0.000000 -1.575000
41.5  -0.000000 -0.000000 -1.495000
42.0  0.000000 -0.000000 -1.407000
42.5  0.000000 -0.000000 -1.317000
43.0  -0.000000 -0.000000 -1.229000
43.5  -0.000000 0.000000 -1.145000
44.0  0.000000 -0.000000 -1.067000
44.5  -0.000000 -0.000000 -0.995000
45.0  0.000000 0.000000 -0.932000
45.5  0.000000 0.000000 -0.875000
46.0  -0.000000 -0.000000 -0.826000
46.5  -0.000000 -0.000000 -0.784000
47.0  -0.000000 0.000000 -0.749000
47.5  0.000000 -0.000000 -0.720000
48.0  -0.000000 0.000000 -0.697000
48.5  0.000000 -0.000000 -0.679000
49.0  0.000000 -0.000000 -0.666000
49.5  -0.000000 0.000000 -0.659000
50.0  -0.000000 -0.000000 -0.655000
50.5  -0.000000 -0.000000 -0.657000
51.0  0.000000 0.000000 -0.662000
51.5  -0.000000 0.000000 -0.671000
52.0  -0.000000 -0.000000 -0.683000
52.5  0.000000 -0.000000 -0.698000
53.0  0.000000 -0.000000 -0.715000
53.5  0.000000 -0.000000 -0.733000
54.0  0.000000 0.000000 -0.750000
54.5  0.000000 0.000000 -0.765000
55.0  -0.000000 -0.000000 -0.774000
55.5  -0.000000 0.000000 -0.775000
56.0  -0.000000 -0.000000 -0.763000
56.5  -0.000000 0.000000 -0.734000
57.0  0.000000 0.000000 -0.682000
57.5  -0.000000 -0.000000 -0.602000
58.0  -0.000000 -0.000000 -0.491000
58.5  0.000000 0.000000 -0.346000
59.0  0.000000 0.000000 -0.169000
59.5  -0.000000 -0.000000 0.035000
60.0  0.000000 0.000000 0.250000
60.5  0.000000 -0.000000 0.450000
61.0  -0.000000 -0.000000 0.594000
61.5  -0.000000 -0.000000 0.638000
62.0  -0.000000 0.000000 0.553000
62.5  0.000000 0.000000 0.349000
63.0  -0.000000 -0.000000 0.070000
63.5  -0.000000 0.000000 -0.220000
64.0  -0.000000 -0.000000 -0.463000
64.5  -0.000000 -0.000000 -0.615000
65.0  0.000000 0.000000 -0.658000
65.5  -0.000000 -0.000000 -0.606000
66.0  -0.000000 -0.000000 -0.486000
66.5  0.000000 0.000000 -0.330000
67.0  0.000000 0.000000 -0.165000
67.5  0.000000 -0.000000 -0.005000
68.0  0.000000 0.000000 0.142000
68.5  -0.000000 -0.000000 0.272000
69.0  -0.000000 -0.000000 0.386000
69.5  -0.000000 0.000000 0.483000
70.0  0.000000 0.000000 0.567000
70.5  -0.000000 -0.000000 0.638000
71.0  -0.000000 -0.000000 0.700000
71.5  -0.000000 0.000000 0.753000
72.0  -0.000000 0.000000 0.801000
72.5  0.000000 -0.000000 0.844000
73.0  -0.000000 -0.000000 0.885000
73.5  0.000000 0.000000 0.925000
74.0  0.000000 0.000000 0.964000
74.5  -0.000000 0.000000 1.003000
75.0  -0.000000 -0.000000 1.044000
75.5  -0.000000 -0.000000 1.087000
76.0  0.000000 -0.000000 1.133000
76.5  -0.000000 0.000000 1.181000
77.0  -0.000000 -0.000000 1.232000
77.5  0.000000 0.000000 1.285000
78.0  -0.000000 0.000000 1.341000
78.5  -0.000000 -0.000000 1.396000
79.0  -0.000000 -0.000000 1.452000
79.5  0.000000 -0.000000 1.505000
80.0  -0.000000 -0.000000 1.555000
80.5  0.000000 0.000000 1.600000
81.0  -0.000000 0.000000 1.639000
81.5  -0.000000 0.000000 1.671000
82.0  0.000000 -0.000000 1.695000
82.5  0.000000 -0.000000 1.711000
83.0  0.000000 0.000000 1.717000
83.5  -0.000000 -0.000000 1.715000
84.0  -0.000000 -0.000000 1.703000
84.5  -0.000000 -0.000000 1.683000
85.0  0.000000 -0.000000 1.655000
85.5  0.000000 0.000000 1.621000
86.0  -0.000000 0.000000 1.582000
86.5  0.000000 -0.000000 1.539000
87.0  -0.000000 -0.000000 1.493000
87.5  0.000000 -0.000000 1.445000
88.0  0.000000 0.000000 1.397000
88.5  0.000000 -0.000000 1.351000
89.0  0.000000 -0.000000 1.307000
89.5  0.000000 0.000000 1.266000
90.0  0.000000 -0.000000 1.229000
90.5  0.000000 -0.000000 1.196000
91.0  -0.000000 -0.000000 1.167000
91.5  -0.000000 -0.000000 1.142000
92.0  -0.000000 -0.000000 1.121000
92.5  0.000000 0.000000 1.104000
93.0  0.000000 0.000000 1.090000
93.5  0.000000 -0.000000 1.078000
94.0  0.000000 0.000000 1.067000
94.5  0.000000 -0.000000 1.056000
95.0  0.000000 -0.000000 1.045000
95.5  -0.000000 -0.000000 1.030000
96.0  0.000000 0.000000 1.012000
96.5  -0.000000 -0.000000 0.986000
97.0  -0.000000 0.000000 0.952000
97.5  -0.000000 -0.000000 0.905000
98.0  -0.000000 0.000000 0.844000
98.5  0.000000 -0.000000 0.766000
99.0  -0.000000 -0.000000 0.667000
99.5  -0.000000 0.000000 0.546000
100.0  -0.000000 0.000000 0.401000
100.5  0.000000 0.000000 0.230000
101.0  -0.000000 0.000000 0.037000
101.5  0.000000 -0.000000 -0.175000
102.0  -0.000000 0.000000 -0.392000
102.5  0.000000 -0.000000 -0.592000
103.0  -0.000000 -0.000000 -0.737000
103.5  0.000000 -0.000000 -0.783000
104.0  0.000000 0.000000 -0.699000
104.5  -0.000000 0.000000 -0.485000
105.0  -0.000000 0.000000 -0.178000
105.5  -0.000000 -0.000000 0.164000
106.0  -0.000000 0.000000 0.474000
106.5  0.000000 0.000000 0.693000
107.0  -0.000000 0.000000 0.780000
107.5  0.000000 0.000000 0.731000
108.0  -0.000000 -0.000000 0.579000
108.5  -0.000000 0.000000 0.371000
109.0  0.000000 0.000000 0.144000
109.5  -0.000000 0.000000 -0.075000
110.0  -0.000000 -0.000000 -0.274000
110.5  -0.000000 0.000000 -0.447000
111.0  -0.000000 0.000000 -0.592000
111.5  0.000000 0.000000 -0.710000
112.0  0.000000 0.000000 -0.803000
112.5  -0.000000 -0.000000 -0.873000
113.0  0.000000 -0.000000 -0.924000
113.5  -0.000000 -0.000000 -0.959000
114.0  -0.000000 0.000000 -0.982000
114.5  0.000000 0.000000 -0.995000
115.0  -0.000000 -0.000000 -1.002000
115.5  0.000000 -0.000000 -1.004000
116.0  -0.000000 0.000000 -1.005000
116.5  0.000000 -0.000000 -1.005000
117.0  -0.000000 -0.000000 -1.007000
117.5  0.000000 0.000000 -1.010000
118.0  0.000000 0.000000 -1.016000
118.5  0.000000 0.000000 -1.026000
119.0  -0.000000 0.000000 -1.041000
119.5  0.000000 -0.000000 -1.060000
120.0  0.000000 0.000000 -1.084000
120.5  0.000000 0.000000 -1.114000
121.0  -0.000000 -0.000000 -1.149000
121.5  -0.000000 0.000000 -1.189000
122.0  0.000000 0.000000 -1.235000
122.5  -0.000000 -0.000000 -1.286000
123.0  -0.000000 -0.000000 -1.341000
123.5  -0.000000 -0.000000 -1.398000
124.0  -0.000000 0.000000 -1.458000
124.5  -0.000000 -0.000000 -1.516000
125.0  -0.000000 -0.000000 -1.573000
125.5  -0.000000 -0.000000 -1.625000
126.0  0.000000 0.000000 -1.671000
126.5  0.000000 0.000000 -1.710000
127.0  -0.000000 0.000000 -1.740000
127.5  0.000000 0.000000 -1.758000
128.0  0.000000 0.000000 -1.765000
128.5  -0.000000 0.000000 -1.758000
129.0  0.000000 -0.000000 -1.739000
129.5  -0.000000 -0.000000 -1.707000
130.0  -0.000000 0.000000 -1.662000
130.5  0.000000 0.000000 -1.605000
131.0  0.000000 -0.000000 -1.537000
131.5  -0.000000 -0.000000 -1.461000
132.0  0.000000 0.000000 -1.379000
132.5  -0.000000 0.000000 -1.293000
133.0  0.000000 0.000000 -1.206000
133.5  -0.000000 -0.000000 -1.119000
134.0  -0.000000 -0.000000 -1.033000
134.5  -0.000000 -0.000000 -0.949000
135.0  0.000000 0.000000 -0.866000
135.5  -0.000000 0.000000 -0.784000
136.0  -0.000000 0.000000 -0.701000
136.5  0.000000 -0.000000 -0.618000
137.0  0.000000 0.000000 -0.532000
137.5  0.000000 -0.000000 -0.441000
138.0  -0.000000 -0.000000 -0.345000
138.5  -0.000000 -0.000000 -0.242000
139.0  -0.000000 -0.000000 -0.130000
139.5  0.000000 -0.000000 -0.007000
140.0  -0.000000 0.000000 0.127000
140.5  -0.000000 -0.000000 0.271000
141.0  -0.000000 0.000000 0.423000
141.5  -0.000000 -0.000000 0.575000
142.0  0.000000 -0.000000 0.713000
142.5  0.000000 -0.000000 0.817000
143.0  0.000000 0.000000 0.861000
143.5  -0.000000 0.000000 0.818000
144.0  -0.000000 0.000000 0.673000
144.5  -0.000000 -0.000000 0.431000
145.0  0.000000 -0.000000 0.120000
145.5  0.000000 0.000000 -0.219000
146.0  0.000000 0.000000 -0.528000
146.5  -0.000000 -0.000000 -0.741000
147.0  -0.000000 0.000000 -0.801000
147.5  -0.000000 0.000000 -0.698000
148.0  -0.000000 0.000000 -0.474000
148.5  0.000000 -0.000000 -0.188000
149.0  -0.000000 0.000000 0.106000
149.5  -0.000000 0.000000 0.374000
150.0  -0.000000 -0.000000 0.595000
150.5  -0.000000 -0.000000 0.760000
151.0  -0.000000 -0.000000 0.864000
151.5  -0.000000 -0.000000 0.914000
152.0  0.000000 -0.000000 0.917000
152.5  0.000000 -0.000000 0.885000
153.0  0.000000 0.000000 0.831000
153.5  0.000000 -0.000000 0.763000
154.0  0.000000 -0.000000 0.688000
154.5  -0.000000 0.000000 0.613000
155.0  -0.000000 -0.000000 0.540000
155.5  -0.000000 -0.000000 0.471000
156.0  0.000000 0.000000 0.407000
156.5  0.000000 -0.000000 0.348000
157.0  -0.000000 -0.000000 0.293000
157.5  0.000000 -0.000000 0.244000
158.0  0.000000 -0.000000 0.198000
158.5  0.000000 -0.000000 0.156000
159.0  0.000000 -0.000000 0.117000
159.5  0.000000 0.000000 0.079000
160.0  0.000000 -0.000000 0.044000
160.5  0.000000 -0.000000 0.009000
161.0  0.000000 0.000000 -0.025000
161.5  -0.000000 0.000000 -0.060000
162.0  0.000000 0.000000 -0.095000
162.5  0.000000 0.000000 -0.131000
163.0  -0.000000 0.000000 -0.170000
163.5  0.000000 -0.000000 -0.211000
164.0  0.000000 -0.000000 -0.256000
164.5  0.000000 -0.000000 -0.304000
165.0  0.000000 0.000000 -0.357000
165.5  0.000000 0.000000 -0.414000
166.0  0.000000 0.000000 -0.478000
166.5  -0.000000 0.000000 -0.546000
167.0  0.000000 -0.000000 -0.621000
167.5  -0.000000 0.000000 -0.699000
168.0  -0.000000 0.000000 -0.780000
168.5  0.000000 0.000000 -0.859000
169.0  0.000000 -0.000000 -0.932000
169.5  -0.000000 -0.000000 -0.990000
170.0  0.000000 0.000000 -1.023000
170.5  -0.000000 0.000000 -1.020000
171.0  -0.000000 -0.000000 -0.970000
171.5  0.000000 -0.000000 -0.862000
172.0  -0.000000 0.000000 -0.694000
172.5  0.000000 -0.000000 -0.468000
173.0  -0.000000 -0.000000 -0.193000
173.5  -0.000000 -0.000000 0.114000
174.0  0.000000 0.000000 0.426000
174.5  -0.000000 -0.000000 0.698000
175.0  0.000000 0.000000 0.868000
175.5  -0.000000 -0.000000 0.879000
176.0  -0.000000 -0.000000 0.717000
176.5  0.000000 -0.000000 0.424000
177.0  -0.000000 0.000000 0.065000
177.5  -0.000000 0.000000 -0.294000
178.0  -0.000000 -0.000000 -0.604000
178.5  -0.000000 0.000000 -0.827000
179.0  -0.000000 0.000000 -0.940000
179.5  0.000000 -0.000000 -0.945000
180.0  -0.000000 -0.000000 -0.864000
180.5  -0.000000 0.000000 -0.728000
181.0  -0.000000 -0.000000 -0.563000
181.5  -0.000000 0.000000 -0.391000
182.0  0.000000 -0.000000 -0.223000
182.5  0.000000 0.000000 -0.066000
183.0  -0.000000 0.000000 0.079000
183.5  0.000000 -0.000000 0.213000
184.0  0.000000 -0.000000 0.335000
184.5  0.000000 0.000000 0.449000
185.0  -0.000000 -0.000000 0.555000
185.5  -0.000000 -0.000000 0.656000
186.0  -0.000000 0.000000 0.753000
186.5  0.000000 -0.000000 0.848000
187.0  -0.000000 0.000000 0.941000
187.5  0.000000 0.000000 1.033000
188.0  0.000000 -0.000000 1.124000
188.5  -0.000000 -0.000000 1.214000
189.0  0.000000 0.000000 1.302000
189.5  -0.000000 0.000000 1.386000
190.0  -0.000000 0.000000 1.465000
190.5  0.000000 0.000000 1.537000
191.0  -0.000000 0.000000 1.599000
191.5  0.000000 0.000000 1.649000
192.0  0.000000 0.000000 1.688000
192.5  0.000000 0.000000 1.715000
193.0  -0.000000 -0.000000 1.729000
193.5  -0.000000 -0.000000 1.732000
194.0  0.000000 0.000000 1.724000
194.5  -0.000000 -0.000000 1.706000
195.0  -0.000000 0.000000 1.679000
195.5  -0.000000 0.000000 1.646000
196.0  0.000000 0.000000 1.607000
196.5  -0.000000 0.000000 1.564000
197.0  0.000000 -0.000000 1.518000
197.5  -0.000000 -0.000000 1.472000
198.0  -0.000000 -0.000000 1.427000
198.5  -0.000000 0.000000 1.384000
199.0  0.000000 0.000000 1.344000
199.5  -0.000000 -0.000000 1.309000
200.0  0.000000 -0.000000 1.278000
200.5  0.000000 -0.000000 1.253000
201.0  0.000000 -0.000000 1.234000
201.5  0.000000 0.000000 1.221000
202.0  -0.000000 -0.000000 1.214000
202.5  -0.000000 -0.000000 1.213000
203.0  0.000000 -0.000000 1.217000
203.5  0.000000 0.000000 1.228000
204.0  -0.000000 -0.000000 1.243000
204.5  -0.000000 0.000000 1.263000
205.0  -0.000000 0.000000 1.287000
205.5  0.000000 -0.000000 1.313000
206.0  -0.000000 0.000000 1.341000
206.5  0.000000 -0.000000 1.368000
207.0  0.000000 -0.000000 1.393000
207.5  -0.000000 -0.000000 1.413000
208.0  0.000000 0.000000 1.426000
208.5  0.000000 -0.000000 1.427000
209.0  0.000000 -0.000000 1.414000
209.5  -0.000000 0.000000 1.383000
210.0  -0.000000 0.000000 1.331000
210.5  -0.000000 0.000000 1.255000
211.0  -0.000000 -0.000000 1.156000
211.5  -0.000000 -0.000000 1.031000
212.0  0.000000 0.000000 0.882000
212.5  0.000000 -0.000000 0.709000
213.0  -0.000000 -0.000000 0.512000
213.5  0.000000 -0.000000 0.294000
214.0  0.000000 0.000000 0.054000
214.5  -0.000000 -0.000000 -0.206000
215.0  -0.000000 -0.000000 -0.478000
215.5  -0.000000 -0.000000 -0.744000
216.0  -0.000000 -0.000000 -0.972000
216.5  0.000000 0.000000 -1.113000
217.0  -0.000000 0.000000 -1.118000
217.5  -0.000000 -0.000000 -0.963000
218.0  -0.000000 -0.000000 -0.668000
218.5  -0.000000 -0.000000 -0.281000
219.0  -0.000000 -0.000000 0.141000
219.5  0.000000 0.000000 0.547000
220.0  -0.000000 -0.000000 0.880000
220.5  0.000000 0.000000 1.083000
221.0  0.000000 0.000000 1.121000
221.5  0.000000 0.000000 1.003000
222.0  0.000000 0.000000 0.777000
222.5  0.000000 -0.000000 0.499000
223.0  0.000000 -0.000000 0.209000
223.5  0.000000 0.000000 -0.070000
224.0  0.000000 0.000000 -0.329000
224.5  -0.000000 -0.000000 -0.563000
225.0  0.000000 -0.000000 -0.769000
225.5  0.000000 0.000000 -0.947000
226.0  -0.000000 0.000000 -1.092000
226.5  0.000000 -0.000000 -1.206000
227.0  -0.000000 0.000000 -1.288000
227.5  0.000000 0.000000 -1.340000
228.0  -0.000000 0.000000 -1.366000
228.5  -0.000000 0.000000 -1.369000
229.0  0.000000 0.000000 -1.356000
229.5  -0.000000 -0.000000 -1.329000
230.0  0.000000 -0.000000 -1.295000
230.5  -0.000000 0.000000 -1.256000
231.0  0.000000 0.000000 -1.215000
231.5  0.000000 0.000000 -1.175000
232.0  -0.000000 0.000000 -1.138000
232.5  0.000000 0.000000 -1.104000
233.0  0.000000 0.000000 -1.076000
233.5  0.000000 0.000000 -1.053000
234.0  -0.000000 -0.000000 -1.036000
234.5  0.000000 -0.000000 -1.025000
235.0  0.000000 0.000000 -1.021000
235.5  -0.000000 -0.000000 -1.024000
236.0  -0.000000 0.000000 -1.033000
236.5  -0.000000 -0.000000 -1.050000
237.0  0.000000 0.000000 -1.073000
237.5  0.000000 -0.000000 -1.104000
238.0  0.000000 0.000000 -1.142000
238.5  0.000000 0.000000 -1.187000
239.0  0.000000 0.000000 -1.238000
239.5  -0.000000 -0.000000 -1.295000
240.0  0.000000 -0.000000 -1.357000
240.5  -0.000000 -0.000000 -1.423000
241.0  0.000000 0.000000 -1.490000
241.5  0.000000 0.000000 -1.555000
242.0  -0.000000 -0.000000 -1.618000
242.5  -0.000000 -0.000000 -1.673000
243.0  -0.000000 0.000000 -1.718000
243.5  0.000000 -0.000000 -1.751000
244.0  0.000000 -0.000000 -1.767000
244.5  0.000000 -0.000000 -1.764000
245.0  0.000000 -0.000000 -1.738000
245.5  -0.000000 -0.000000 -1.689000
246.0  0.000000 0.000000 -1.615000
246.5  -0.000000 0.000000 -1.518000
247.0  0.000000 -0.000000 -1.400000
247.5  -0.000000 -0.000000 -1.266000
248.0  -0.000000 -0.000000 -1.120000
248.5  0.000000 0.000000 -0.966000
249.0  0.000000 0.000000 -0.805000
249.5  0.000000 -0.000000 -0.639000
250.0  0.000000 0.000000 -0.466000
250.5  -0.000000 0.000000 -0.286000
251.0  -0.000000 -0.000000 -0.095000
251.5  -0.000000 -0.000000 0.108000
252.0  0.000000 -0.000000 0.326000
252.5  -0.000000 0.000000 0.557000
253.0  0.000000 -0.000000 0.795000
253.5  0.000000 0.000000 1.026000
254.0  0.000000 -0.000000 1.222000
254.5  0.000000 0.000000 1.348000
255.0  0.000000 0.000000 1.363000
255.5  -0.000000 0.000000 1.246000
256.0  -0.000000 -0.000000 0.999000
256.5  -0.000000 -0.000000 0.655000
257.0  -0.000000 0.000000 0.250000
257.5  0.000000 0.000000 -0.179000
258.0  -0.000000 -0.000000 -0.603000
258.5  -0.000000 0.000000 -0.975000
259.0  -0.000000 0.000000 -1.232000
259.5  -0.000000 -0.000000 -1.317000
260.0  -0.000000 0.000000 -1.214000
260.5  -0.000000 -0.000000 -0.965000
261.0  0.000000 0.000000 -0.634000
261.5  -0.000000 0.000000 -0.277000
262.0  0.000000 0.000000 0.076000
262.5  -0.000000 -0.000000 0.409000
263.0  0.000000 -0.000000 0.713000
263.5  0.000000 0.000000 0.979000
264.0  -0.000000 -0.000000 1.197000
264.5  -0.000000 -0.000000 1.356000
265.0  -0.000000 0.000000 1.450000
265.5  0.000000 -0.000000 1.482000
266.0  -0.000000 0.000000 1.460000
266.5  0.000000 -0.000000 1.396000
267.0  -0.000000 0.000000 1.302000
267.5  -0.000000 -0.000000 1.192000
268.0  -0.000000 -0.000000 1.075000
268.5  0.000000 0.000000 0.958000
269.0  0.000000 -0.000000 0.845000
269.5  0.000000 0.000000 0.739000
270.0  -0.000000 0.000000 0.642000
270.5  0.000000 -0.000000 0.552000
271.0  -0.000000 -0.000000 0.470000
271.5  0.000000 -0.000000 0.395000
272.0  0.000000 0.000000 0.325000
272.5  0.000000 0.000000 0.261000
273.0  0.000000 0.000000 0.200000
273.5  0.000000 -0.000000 0.142000
274.0  -0.000000 -0.000000 0.086000
274.5  -0.000000 0.000000 0.031000
275.0  0.000000 0.000000 -0.024000
275.5  -0.000000 -0.000000 -0.081000
276.0  0.000000 -0.000000 -0.140000
276.5  -0.000000 -0.000000 -0.202000
277.0  0.000000 0.000000 -0.268000
277.5  0.000000 -0.000000 -0.339000
278.0  0.000000 -0.000000 -0.417000
278.5  0.000000 0.000000 -0.501000
279.0  -0.000000 -0.000000 -0.593000
279.5  0.000000 0.000000 -0.692000
280.0  0.000000 0.000000 -0.796000
280.5  -0.000000 0.000000 -0.905000
281.0  -0.000000 -0.000000 -1.012000
281.5  -0.000000 0.000000 -1.112000
282.0  0.000000 -0.000000 -1.192000
282.5  0.000000 -0.000000 -1.241000
283.0  -0.000000 -0.000000 -1.244000
283.5  -0.000000 -0.000000 -1.187000
284.0  -0.000000 0.000000 -1.063000
284.5  -0.000000 -0.000000 -0.871000
285.0  -0.000000 0.000000 -0.617000
285.5  0.000000 -0.000000 -0.313000
286.0  0.000000 -0.000000 0.026000
286.5  0.000000 0.000000 0.381000
287.0  0.000000 0.000000 0.718000
287.5  -0.000000 0.000000 0.981000
288.0  0.000000 -0.000000 1.103000
288.5  -0.000000 -0.000000 1.038000
289.0  0.000000 0.000000 0.797000
289.5  0.000000 0.000000 0.441000
290.0  0.000000 -0.000000 0.038000
290.5  -0.000000 0.000000 -0.359000
291.0  -0.000000 0.000000 -0.710000
291.5  0.000000 0.000000 -0.979000
292.0  0.000000 -0.000000 -1.136000
292.5  -0.000000 -0.000000 -1.174000
293.0  -0.000000 -0.000000 -1.107000
293.5  0.000000 0.000000 -0.968000
294.0  -0.000000 -0.000000 -0.787000
294.5  -0.000000 -0.000000 -0.592000
295.0  0.000000 -0.000000 -0.398000
295.5  -0.000000 0.000000 -0.213000
296.0  -0.000000 0.000000 -0.041000
296.5  -0.000000 0.000000 0.119000
297.0  -0.000000 -0.000000 0.267000
297.5  0.000000 0.000000 0.407000
298.0  0.000000 -0.000000 0.540000
298.5  -0.000000 0.000000 0.667000
299.0  0.000000 0.000000 0.791000
299.5  0.000000 0.000000 0.913000
300.0  0.000000 0.000000 1.033000
300.5  -0.000000 -0.000000 1.151000
301.0  0.000000 0.000000 1.265000
301.5  -0.000000 0.000000 1.374000
302.0  0.000000 -0.000000 1.474000
302.5  -0.000000 -0.000000 1.563000
303.0  0.000000 0.000000 1.637000
303.5  -0.000000 -0.000000 1.695000
304.0  0.000000 -0.000000 1.735000
304.5  -0.000000 -0.000000 1.758000
305.0  0.000000 -0.000000 1.766000
305.5  0.000000 -0.000000 1.758000
306.0  -0.000000 0.000000 1.737000
306.5  -0.000000 0.000000 1.704000
307.0  0.000000 0.000000 1.662000
307.5  -0.000000 -0.000000 1.613000
308.0  -0.000000 -0.000000 1.560000
308.5  0.000000 -0.000000 1.503000
309.0  0.000000 -0.000000 1.446000
309.5  -0.000000 0.000000 1.389000
310.0  -0.000000 -0.000000 1.336000
310.5  0.000000 0.000000 1.287000
311.0  -0.000000 -0.000000 1.243000
311.5  -0.000000 0.000000 1.204000
312.0  0.000000 0.000000 1.173000
312.5  -0.000000 -0.000000 1.147000
313.0  0.000000 -0.000000 1.129000
313.5  0.000000 0.000000 1.117000
314.0  -0.000000 0.000000 1.111000
314.5  0.000000 -0.000000 1.112000
315.0  0.000000 -0.000000 1.119000
315.5  -0.000000 0.000000 1.132000
316.0  0.000000 -0.000000 1.150000
316.5  0.000000 0.000000 1.172000
317.0  -0.000000 0.000000 1.199000
317.5  -0.000000 0.000000 1.229000
318.0  -0.000000 -0.000000 1.260000
318.5  -0.000000 0.000000 1.290000
319.0  -0.000000 0.000000 1.318000
319.5  0.000000 -0.000000 1.340000
320.0  -0.000000 0.000000 1.352000
320.5  -0.000000 0.000000 1.351000
321.0  -0.000000 0.000000 1.333000
321.5  0.000000 0.000000 1.294000
322.0  0.000000 0.000000 1.230000
322.5  -0.000000 -0.000000 1.138000
323.0  0.000000 -0.000000 1.018000
323.5  0.000000 -0.000000 0.869000
324.0  0.000000 0.000000 0.692000
324.5  -0.000000 0.000000 0.487000
325.0  -0.000000 -0.000000 0.257000
325.5  0.000000 -0.000000 0.002000
326.0  -0.000000 -0.000000 -0.271000
326.5  -0.000000 -0.000000 -0.550000
327.0  0.000000 0.000000 -0.812000
327.5  0.000000 0.000000 -1.011000
328.0  0.000000 0.000000 -1.096000
328.5  0.000000 0.000000 -1.023000
329.0  0.000000 -0.000000 -0.792000
329.5  0.000000 0.000000 -0.443000
330.0  -0.000000 -0.000000 -0.033000
330.5  -0.000000 -0.000000 0.380000
331.0  -0.000000 -0.000000 0.742000
331.5  0.000000 0.000000 0.996000
332.0  0.000000 0.000000 1.098000
332.5  0.000000 -0.000000 1.041000
333.0  0.000000 -0.000000 0.863000
333.5  0.000000 -0.000000 0.615000
334.0  -0.000000 -0.000000 0.343000
334.5  -0.000000 0.000000 0.073000
335.0  0.000000 -0.000000 -0.181000
335.5  0.000000 -0.000000 -0.412000
336.0  0.000000 0.000000 -0.620000
336.5  -0.000000 -0.000000 -0.803000
337.0  -0.000000 -0.000000 -0.959000
337.5  0.000000 -0.000000 -1.090000
338.0  0.000000 -0.000000 -1.194000
338.5  0.000000 0.000000 -1.272000
339.0  0.000000 -0.000000 -1.326000
339.5  0.000000 0.000000 -1.358000
340.0  -0.000000 0.000000 -1.373000
340.5  0.000000 0.000000 -1.372000
341.0  0.000000 -0.000000 -1.360000
341.5  -0.000000 -0.000000 -1.341000
342.0  -0.000000 -0.000000 -1.317000
342.5  -0.000000 -0.000000 -1.291000
343.0  0.000000 -0.000000 -1.265000
343.5  0.000000 -0.000000 -1.240000
344.0  0.000000 -0.000000 -1.218000
344.5  0.000000 0.000000 -1.200000
345.0  0.000000 0.000000 -1.187000
345.5  0.000000 0.000000 -1.179000
346.0  0.000000 -0.000000 -1.176000
346.5  -0.000000 0.000000 -1.180000
347.0  -0.000000 -0.000000 -1.189000
347.5  0.000000 -0.000000 -1.205000
348.0  0.000000 0.000000 -1.227000
348.5  -0.000000 -0.000000 -1.254000
349.0  -0.000000 -0.000000 -1.288000
349.5  0.000000 -0.000000 -1.327000
350.0  -0.000000 0.000000 -1.370000
350.5  -0.000000 -0.000000 -1.416000
351.0  0.000000 0.000000 -1.465000
351.5  0.000000 -0.000000 -1.515000
352.0  0.000000 -0.000000 -1.564000
352.5  -0.000000 -0.000000 -1.610000
353.0  -0.000000 0.000000 -1.652000
353.5  -0.000000 0.000000 -1.688000
354.0  0.000000 -0.000000 -1.716000
354.5  0.000000 -0.000000 -1.735000
355.0  0.000000 0.000000 -1.744000
355.5  -0.000000 -0.000000 -1.740000
356.0  -0.000000 -0.000000 -1.724000
356.5  0.000000 0.000000 -1.695000
357.0  0.000000 0.000000 -1.652000
357.5  -0.000000 0.000000 -1.597000
358.0  -0.000000 0.000000 -1.530000
358.5  0.000000 -0.000000 -1.453000
359.0  0.000000 -0.000000 -1.368000
359.5  0.000000 0.000000 -1.278000
360.0  0.000000 0.000000 -1.185000
360.5  -0.000000 0.000000 -1.090000
361.0  0.000000 0.000000 -0.994000
361.5  0.000000 0.000000 -0.897000
362.0  0.000000 -0.000000 -0.800000
362.5  0.000000 -0.000000 -0.700000
363.0  0.000000 -0.000000 -0.598000
363.5  -0.000000 0.000000 -0.492000
364.0  -0.000000 0.000000 -0.379000
364.5  -0.000000 0.000000 -0.259000
365.0  -0.000000 -0.000000 -0.129000
365.5  0.000000 0.000000 0.012000
366.0  -0.000000 0.000000 0.165000
366.5  -0.000000 -0.000000 0.329000
367.0  0.000000 0.000000 0.502000
367.5  -0.000000 -0.000000 0.674000
368.0  0.000000 0.000000 0.830000
368.5  0.000000 0.000000 0.945000
369.0  0.000000 0.000000 0.990000
369.5  0.000000 -0.000000 0.936000
370.0  0.000000 0.000000 0.770000
370.5  0.000000 -0.000000 0.502000
371.0  -0.000000 -0.000000 0.161000
371.5  0.000000 -0.000000 -0.212000
372.0  -0.000000 0.000000 -0.561000
372.5  -0.000000 0.000000 -0.820000
373.0  -0.000000 0.000000 -0.926000
373.5  -0.000000 0.000000 -0.854000
374.0  -0.000000 0.000000 -0.636000
374.5  0.000000 -0.000000 -0.337000
375.0  -0.000000 0.000000 -0.013000
375.5  0.000000 -0.000000 0.294000
376.0  -0.000000 -0.000000 0.563000
376.5  -0.000000 -0.000000 0.779000
377.0  -0.000000 -0.000000 0.933000
377.5  0.000000 0.000000 1.024000
378.0  -0.000000 -0.000000 1.058000
378.5  -0.000000 -0.000000 1.045000
379.0  0.000000 0.000000 0.998000
379.5  0.000000 -0.000000 0.928000
380.0  0.000000 -0.000000 0.846000
380.5  0.000000 -0.000000 0.760000
381.0  0.000000 -0.000000 0.673000
381.5  -0.000000 -0.000000 0.590000
382.0  0.000000 -0.000000 0.513000
382.5  0.000000 0.000000 0.441000
383.0  -0.000000 0.000000 0.375000
383.5  -0.000000 -0.000000 0.315000
384.0  -0.000000 0.000000 0.259000
384.5  -0.000000 0.000000 0.208000
385.0  -0.000000 0.000000 0.161000
385.5  0.000000 0.000000 0.116000
386.0  0.000000 -0.000000 0.074000
386.5  -0.000000 0.000000 0.033000
387.0  -0.000000 -0.000000 -0.007000
387.5  0.000000 -0.000000 -0.047000
388.0  0.000000 -0.000000 -0.088000
388.5  0.000000 0.000000 -0.130000
389.0  -0.000000 0.000000 -0.174000
389.5  0.000000 0.000000 -0.220000
390.0  0.000000 0.000000 -0.271000
390.5  0.000000 0.000000 -0.325000
391.0  -0.000000 0.000000 -0.385000
391.5  -0.000000 0.000000 -0.450000
392.0  0.000000 0.000000 -0.521000
392.5  -0.000000 -0.000000 -0.598000
393.0  0.000000 -0.000000 -0.681000
393.5  0.000000 -0.000000 -0.770000
394.0  -0.000000 -0.000000 -0.860000
394.5  0.000000 0.000000 -0.950000
395.0  -0.000000 -0.000000 -1.031000
395.5  0.000000 0.000000 -1.096000
396.0  0.000000 -0.000000 -1.133000
396.5  -0.000000 -0.000000 -1.131000
397.0  0.000000 0.000000 -1.076000
397.5  0.000000 -0.000000 -0.961000
398.0  0.000000 -0.000000 -0.783000
398.5  0.000000 -0.000000 -0.546000
399.0  0.000000 -0.000000 -0.260000
399.5  -0.000000 0.000000 0.062000
400.0  0.000000 0.000000 0.395000
400.5  -0.000000 -0.000000 0.702000
401.0  -0.000000 -0.000000 0.924000
401.5  0.000000 0.000000 0.996000
402.0  -0.000000 0.000000 0.885000
402.5  0.000000 -0.000000 0.616000
403.0  0.000000 0.000000 0.254000
403.5  -0.000000 -0.000000 -0.135000
404.0  0.000000 -0.000000 -0.499000
404.5  -0.000000 0.000000 -0.793000
405.0  -0.000000 0.000000 -0.984000
405.5  -0.000000 -0.000000 -1.058000
406.0  -0.000000 0.000000 -1.023000
406.5  0.000000 -0.000000 -0.906000
407.0  -0.000000 -0.000000 -0.742000
407.5  0.000000 -0.000000 -0.557000
408.0  -0.000000 -0.000000 -0.370000
408.5  -0.000000 -0.000000 -0.191000
409.0  0.000000 -0.000000 -0.024000
409.5  -0.000000 0.000000 0.130000
410.0  -0.000000 0.000000 0.272000
410.5  0.000000 0.000000 0.404000
411.0  -0.000000 -0.000000 0.528000
411.5  0.000000 -0.000000 0.645000
412.0  0.000000 0.000000 0.758000
412.5  -0.000000 0.000000 0.867000
413.0  -0.000000 -0.000000 0.973000
413.5  0.000000 0.000000 1.077000
414.0  -0.000000 -0.000000 1.179000
414.5  0.000000 0.000000 1.276000
415.0  -0.000000 -0.000000 1.369000
415.5  -0.000000 -0.000000 1.455000
416.0  -0.000000 -0.000000 1.532000
416.5  -0.000000 0.000000 1.598000
417.0  0.000000 -0.000000 1.650000
417.5  0.000000 -0.000000 1.689000
418.0  -0.000000 -0.000000 1.714000
418.5  0.000000 0.000000 1.727000
419.0  0.000000 -0.000000 1.727000
419.5  0.000000 -0.000000 1.716000
420.0  0.000000 0.000000 1.695000
420.5  -0.000000 0.000000 1.666000
421.0  0.000000 0.000000 1.631000
421.5  0.000000 0.000000 1.591000
422.0  -0.000000 -0.000000 1.547000
422.5  -0.000000 -0.000000 1.503000
423.0  0.000000 -0.000000 1.458000
423.5  -0.000000 0.000000 1.415000
424.0  0.000000 0.000000 1.375000
424.5  0.000000 0.000000 1.339000
425.0  -0.000000 -0.000000 1.308000
425.5  0.000000 -0.000000 1.282000
426.0  -0.000000 0.000000 1.262000
426.5  0.000000 0.000000 1.248000
427.0  -0.000000 0.000000 1.240000
427.5  -0.000000 0.000000 1.239000
428.0  -0.000000 0.000000 1.244000
428.5  -0.000000 -0.000000 1.255000
429.0  -0.000000 0.000000 1.272000
429.5  -0.000000 -0.000000 1.294000
430.0  -0.000000 -0.000000 1.320000
430.5  0.000000 0.000000 1.351000
431.0  -0.000000 -0.000000 1.385000
431.5  -0.000000 -0.000000 1.420000
432.0  0.000000 0.000000 1.455000
432.5  0.000000 0.000000 1.488000
433.0  -0.000000 0.000000 1.516000
433.5  0.000000 0.000000 1.536000
434.0  0.000000 0.000000 1.546000
434.5  -0.000000 0.000000 1.542000
435.0  -0.000000 -0.000000 1.520000
435.5  0.000000 0.000000 1.479000
436.0  0.000000 -0.000000 1.416000
436.5  0.000000 -0.000000 1.329000
437.0  0.000000 -0.000000 1.220000
437.5  0.000000 0.000000 1.088000
438.0  -0.000000 -0.000000 0.937000
438.5  0.000000 0.000000 0.766000
439.0  0.000000 0.000000 0.578000
439.5  -0.000000 -0.000000 0.371000
440.0  0.000000 -0.000000 0.147000
440.5  -0.000000 -0.000000 -0.096000
441.0  0.000000 -0.000000 -0.355000
441.5  0.000000 -0.000000 -0.623000
442.0  -0.000000 0.000000 -0.879000
442.5  0.000000 0.000000 -1.090000
443.0  -0.000000 -0.000000 -1.207000
443.5  0.000000 -0.000000 -1.186000
444.0  0.000000 -0.000000 -1.010000
444.5  0.000000 -0.000000 -0.701000
445.0  0.000000 -0.000000 -0.306000
445.5  -0.000000 0.000000 0.123000
446.0  -0.000000 -0.000000 0.543000
446.5  0.000000 0.000000 0.899000
447.0  0.000000 -0.000000 1.132000
447.5  -0.000000 -0.000000 1.196000
448.0  -0.000000 0.000000 1.091000
448.5  -0.000000 -0.000000 0.862000
449.0  0.000000 0.000000 0.568000
449.5  -0.000000 -0.000000 0.256000
450.0  -0.000000 -0.000000 -0.047000
450.5  -0.000000 -0.000000 -0.331000
451.0  -0.000000 0.000000 -0.589000
451.5  0.000000 -0.000000 -0.817000
452.0  0.000000 0.000000 -1.012000
452.5  -0.000000 -0.000000 -1.170000
453.0  -0.000000 0.000000 -1.288000
453.5  -0.000000 -0.000000 -1.366000
454.0  0.000000 0.000000 -1.407000
454.5  -0.000000 0.000000 -1.415000
455.0  0.000000 -0.000000 -1.396000
455.5  0.000000 0.000000 -1.358000
456.0  -0.000000 -0.000000 -1.306000
456.5  -0.000000 -0.000000 -1.246000
457.0  0.000000 -0.000000 -1.184000
457.5  -0.000000 0.000000 -1.121000
458.0  -0.000000 0.000000 -1.061000
458.5  0.000000 0.000000 -1.005000
459.0  -0.000000 -0.000000 -0.955000
459.5  -0.000000 0.000000 -0.911000
460.0  -0.000000 -0.000000 -0.873000
460.5  -0.000000 -0.000000 -0.842000
461.0  0.000000 -0.000000 -0.817000
461.5  0.000000 -0.000000 -0.799000
462.0  0.000000 0.000000 -0.787000
462.5  0.000000 0.000000 -0.782000
463.0  0.000000 -0.000000 -0.782000
463.5  0.000000 -0.000000 -0.789000
464.0  -0.000000 -0.000000 -0.803000
464.5  -0.000000 0.000000 -0.823000
465.0  0.000000 -0.000000 -0.849000
465.5  -0.000000 -0.000000 -0.882000
466.0  0.000000 -0.000000 -0.922000
466.5  -0.000000 -0.000000 -0.968000
467.0  0.000000 0.000000 -1.021000
467.5  -0.000000 -0.000000 -1.079000
468.0  0.000000 -0.000000 -1.142000
468.5  -0.000000 0.000000 -1.208000
469.0  0.000000 -0.000000 -1.275000
469.5  -0.000000 -0.000000 -1.339000
470.0  0.000000 -0.000000 -1.395000
470.5  -0.000000 0.000000 -1.438000
471.0  -0.000000 0.000000 -1.462000
471.5  0.000000 -0.000000 -1.460000
472.0  -0.000000 -0.000000 -1.426000
472.5  -0.000000 0.000000 -1.354000
473.0  -0.000000 0.000000 -1.242000
473.5  0.000000 -0.000000 -1.090000
474.0  -0.000000 0.000000 -0.902000
474.5  0.000000 0.000000 -0.682000
475.0  0.000000 -0.000000 -0.432000
475.5  -0.000000 -0.000000 -0.158000
476.0  -0.000000 -0.000000 0.138000
476.5  0.000000 -0.000000 0.449000
477.0  -0.000000 -0.000000 0.757000
477.5  0.000000 -0.000000 1.026000
478.0  -0.000000 -0.000000 1.203000
478.5  0.000000 -0.000000 1.231000
479.0  0.000000 0.000000 1.084000
479.5  0.000000 0.000000 0.786000
480.0  0.000000 -0.000000 0.391000
480.5  -0.000000 0.000000 -0.042000
481.0  -0.000000 0.000000 -0.469000
481.5  -0.000000 0.000000 -0.845000
482.0  -0.000000 -0.000000 -1.120000
482.5  0.000000 0.000000 -1.250000
483.0  -0.000000 0.000000 -1.223000
483.5  0.000000 -0.000000 -1.067000
484.0  -0.000000 0.000000 -0.830000
484.5  0.000000 0.000000 -0.560000
485.0  0.000000 0.000000 -0.286000
485.5  -0.000000 -0.000000 -0.023000
486.0  0.000000 -0.000000 0.222000
486.5  -0.000000 0.000000 0.449000
487.0  0.000000 -0.000000 0.657000
487.5  0.000000 0.000000 0.848000
488.0  0.000000 0.000000 1.020000
488.5  0.000000 -0.000000 1.172000
489.0  -0.000000 0.000000 1.300000
489.5  0.000000 -0.000000 1.404000
490.0  -0.000000 0.000000 1.481000
490.5  -0.000000 -0.000000 1.533000
491.0  0.000000 -0.000000 1.561000
491.5  -0.000000 -0.000000 1.568000
492.0  -0.000000 -0.000000 1.558000
492.5  -0.000000 -0.000000 1.534000
493.0  0.000000 -0.000000 1.500000
493.5  -0.000000 -0.000000 1.460000
494.0  0.000000 -0.000000 1.417000
494.5  -0.000000 0.000000 1.373000
495.0  -0.000000 0.000000 1.330000
495.5  0.000000 0.000000 1.290000
496.0  -0.000000 -0.000000 1.255000
496.5  -0.000000 -0.000000 1.224000
497.0  -0.000000 -0.000000 1.199000
497.5  0.000000 -0.000000 1.181000
498.0  -0.000000 -0.000000 1.169000
498.5  0.000000 0.000000 1.164000
499.0  -0.000000 0.000000 1.165000
499.5  0.000000 -0.000000 1.174000
500.0  0.000000 0.000000 1.190000
500.5  -0.000000 0.000000 1.212000
501.0  0.000000 -0.000000 1.242000
501.5  -0.000000 0.000000 1.277000
502.0  0.000000 -0.000000 1.319000
502.5  0.000000 -0.000000 1.365000
503.0  0.000000 -0.000000 1.415000
503.5  0.000000 0.000000 1.468000
504.0  0.000000 0.000000 1.522000
504.5  0.000000 0.000000 1.575000
505.0  -0.000000 0.000000 1.624000
505.5  -0.000000 -0.000000 1.668000
506.0  -0.000000 0.000000 1.704000
506.5  -0.000000 -0.000000 1.730000
507.0  -0.000000 0.000000 1.743000
507.5  -0.000000 -0.000000 1.741000
508.0  0.000000 0.000000 1.722000
508.5  -0.000000 -0.000000 1.684000
509.0  0.000000 -0.000000 1.627000
509.5  0.000000 0.000000 1.550000
510.0  0.000000 0.000000 1.457000
510.5  0.000000 -0.000000 1.348000
511.0  0.000000 0.000000 1.229000
511.5  0.000000 -0.000000 1.101000
512.0  0.000000 -0.000000 0.966000
512.5  0.000000 0.000000 0.827000
513.0  -0.000000 -0.000000 0.683000
513.5  -0.000000 0.000000 0.532000
514.0  -0.000000 -0.000000 0.375000
514.5  0.000000 0.000000 0.209000
515.0  0.000000 -0.000000 0.031000
515.5  -0.000000 0.000000 -0.161000
516.0  -0.000000 -0.000000 -0.366000
516.5  -0.000000 0.000000 -0.582000
517.0  -0.000000 0.000000 -0.802000
517.5  -0.000000 -0.000000 -1.008000
518.0  0.000000 0.000000 -1.172000
518.5  -0.000000 -0.000000 -1.257000
519.0  0.000000 -0.000000 -1.229000
519.5  0.000000 0.000000 -1.071000
520.0  0.000000 0.000000 -0.794000
520.5  -0.000000 -0.000000 -0.431000
521.0  0.000000 0.000000 -0.020000
521.5  0.000000 -0.000000 0.401000
522.0  -0.000000 -0.000000 0.786000
522.5  -0.000000 0.000000 1.074000
523.0  0.000000 -0.000000 1.199000
523.5  0.000000 -0.000000 1.133000
524.0  -0.000000 0.000000 0.908000
524.5  0.000000 0.000000 0.588000
525.0  -0.000000 -0.000000 0.235000
525.5  -0.000000 -0.000000 -0.115000
526.0  0.000000 0.000000 -0.442000
526.5  -0.000000 -0.000000 -0.734000
527.0  0.000000 0.000000 -0.978000
527.5  -0.000000 0.000000 -1.166000
528.0  0.000000 -0.000000 -1.291000
528.5  -0.000000 0.000000 -1.351000
529.0  0.000000 -0.000000 -1.354000
529.5  0.000000 -0.000000 -1.312000
530.0  -0.000000 -0.000000 -1.236000
530.5  0.000000 0.000000 -1.140000
531.0  0.000000 0.000000 -1.034000
531.5  0.000000 -0.000000 -0.926000
532.0  0.000000 0.000000 -0.821000
532.5  -0.000000 -0.000000 -0.720000
533.0  0.000000 0.000000 -0.628000
533.5  -0.000000 -0.000000 -0.542000
534.0  0.000000 0.000000 -0.464000
534.5  -0.000000 -0.000000 -0.393000
535.0  -0.000000 -0.000000 -0.327000
535.5  -0.000000 -0.000000 -0.267000
536.0  -0.000000 0.000000 -0.210000
536.5  -0.000000 -0.000000 -0.157000
537.0  0.000000 -0.000000 -0.106000
537.5  0.000000 -0.000000 -0.056000
538.0  -0.000000 0.000000 -0.007000
538.5  0.000000 -0.000000 0.043000
539.0  -0.000000 0.000000 0.094000
539.5  -0.000000 0.000000 0.147000
540.0  0.000000 0.000000 0.203000
540.5  0.000000 -0.000000 0.263000
541.0  -0.000000 0.000000 0.327000
541.5  -0.000000 -0.000000 0.398000
542.0  -0.000000 -0.000000 0.474000
542.5  -0.000000 -0.000000 0.558000
543.0  -0.000000 0.000000 0.648000
543.5  -0.000000 -0.000000 0.744000
544.0  0.000000 -0.000000 0.844000
544.5  0.000000 -0.000000 0.944000
545.0  0.000000 0.000000 1.038000
545.5  -0.000000 -0.000000 1.118000
546.0  -0.000000 -0.000000 1.170000
546.5  0.000000 -0.000000 1.183000
547.0  0.000000 0.000000 1.142000
547.5  -0.000000 0.000000 1.038000
548.0  0.000000 -0.000000 0.867000
548.5  -0.000000 -0.000000 0.633000
549.0  -0.000000 0.000000 0.346000
549.5  0.000000 0.000000 0.020000
550.0  -0.000000 -0.000000 -0.324000
550.5  -0.000000 -0.000000 -0.654000
551.0  -0.000000 0.000000 -0.916000
551.5  0.000000 0.000000 -1.040000
552.0  -0.000000 0.000000 -0.982000
552.5  -0.000000 -0.000000 -0.749000
553.0  -0.000000 0.000000 -0.401000
553.5  0.000000 -0.000000 -0.007000
554.0  0.000000 0.000000 0.378000
554.5  0.000000 0.000000 0.711000
555.0  -0.000000 0.000000 0.957000
555.5  -0.000000 0.000000 1.088000
556.0  -0.000000 -0.000000 1.104000
556.5  -0.000000 -0.000000 1.024000
557.0  -0.000000 0.000000 0.879000
557.5  -0.000000 -0.000000 0.700000
558.0  -0.000000 -0.000000 0.511000
558.5  0.000000 -0.000000 0.326000
559.0  0.000000 -0.000000 0.150000
559.5  0.000000 -0.000000 -0.013000
560.0  0.000000 0.000000 -0.164000
560.5  0.000000 0.000000 -0.304000
561.0  0.000000 0.000000 -0.435000
561.5  0.000000 0.000000 -0.559000
562.0  0.000000 0.000000 -0.678000
562.5  0.000000 -0.000000 -0.794000
563.0  -0.000000 0.000000 -0.908000
563.5  -0.000000 0.000000 -1.019000
564.0  -0.000000 -0.000000 -1.129000
564.5  0.000000 0.000000 -1.236000
565.0  0.000000 0.000000 -1.339000
565.5  0.000000 -0.000000 -1.436000
566.0  -0.000000 -0.000000 -1.523000
566.5  0.000000 -0.000000 -1.598000
567.0  0.000000 0.000000 -1.659000
567.5  0.000000 0.000000 -1.705000
568.0  -0.000000 0.000000 -1.735000
568.5  0.000000 0.000000 -1.750000
569.0  0.000000 -0.000000 -1.751000
569.5  -0.000000 0.000000 -1.740000
570.0  -0.000000 0.000000 -1.716000
570.5  -0.000000 0.000000 -1.683000
571.0  -0.000000 0.000000 -1.642000
571.5  -0.000000 -0.000000 -1.596000
572.0  -0.000000 -0.000000 -1.545000
572.5  -0.000000 -0.000000 -1.493000
573.0  -0.000000 -0.000000 -1.441000
573.5  -0.000000 -0.000000 -1.390000
574.0  -0.000000 -0.000000 -1.342000
574.5  0.000000 0.000000 -1.299000
575.0  -0.000000 -0.000000 -1.260000
575.5  0.000000 -0.000000 -1.228000
576.0  0.000000 0.000000 -1.201000
576.5  0.000000 0.000000 -1.181000
577.0  0.000000 -0.000000 -1.168000
577.5  0.000000 -0.000000 -1.161000
578.0  0.000000 0.000000 -1.160000
578.5  0.000000 0.000000 -1.166000
579.0  0.000000 -0.000000 -1.178000
579.5  -0.000000 0.000000 -1.195000
580.0  -0.000000 0.000000 -1.217000
580.5  -0.000000 0.000000 -1.244000
581.0  -0.000000 0.000000 -1.274000
581.5  -0.000000 -0.000000 -1.306000
582.0  0.000000 0.000000 -1.338000
582.5  -0.000000 -0.000000 -1.369000
583.0  -0.000000 0.000000 -1.395000
583.5  -0.000000 -0.000000 -1.414000
584.0  0.000000 0.000000 -1.421000
584.5  0.000000 0.000000 -1.414000
585.0  0.000000 -0.000000 -1.388000
585.5  -0.000000 -0.000000 -1.340000
586.0  0.000000 -0.000000 -1.267000
586.5  0.000000 -0.000000 -1.168000
587.0  -0.000000 0.000000 -1.041000
587.5  0.000000 0.000000 -0.888000
588.0  0.000000 0.000000 -0.710000
588.5  -0.000000 -0.000000 -0.507000
589.0  0.000000 -0.000000 -0.281000
589.5  -0.000000 0.000000 -0.032000
590.0  0.000000 -0.000000 0.235000
590.5  0.000000 0.000000 0.513000
591.0  0.000000 -0.000000 0.782000
591.5  -0.000000 0.000000 1.005000
592.0  -0.000000 0.000000 1.131000
592.5  -0.000000 0.000000 1.112000
593.0  0.000000 -0.000000 0.932000
593.5  0.000000 -0.000000 0.615000
594.0  -0.000000 0.000000 0.217000
594.5  -0.000000 0.000000 -0.207000
595.0  -0.000000 -0.000000 -0.607000
595.5  0.000000 0.000000 -0.927000
596.0  0.000000 0.000000 -1.109000
596.5  0.000000 -0.000000 -1.126000
597.0  -0.000000 -0.000000 -0.994000
597.5  0.000000 -0.000000 -0.763000
598.0  0.000000 0.000000 -0.485000
598.5  -0.000000 -0.000000 -0.199000
599.0  0.000000 -0.000000 0.076000
599.5  -0.000000 -0.000000 0.331000
600.0  0.000000 -0.000000 0.561000
600.5  0.000000 0.000000 0.765000
601.0  -0.000000 0.000000 0.942000
601.5  0.000000 -0.000000 1.090000
602.0  0.000000 0.000000 1.207000
602.5  -0.000000 -0.000000 1.294000
603.0  -0.000000 0.000000 1.352000
603.5  0.000000 0.000000 1.384000
604.0  0.000000 0.000000 1.394000
604.5  0.000000 -0.000000 1.386000
605.0  0.000000 -0.000000 1.365000
605.5  0.000000 -0.000000 1.334000
606.0  0.000000 0.000000 1.298000
606.5  -0.000000 -0.000000 1.260000
607.0  -0.000000 -0.000000 1.222000
607.5  0.000000 0.000000 1.185000
608.0  0.000000 -0.000000 1.153000
608.5  -0.000000 -0.000000 1.124000
609.0  0.000000 0.000000 1.101000
609.5  0.000000 0.000000 1.084000
610.0  0.000000 0.000000 1.073000
610.5  0.000000 -0.000000 1.069000
611.0  -0.000000 -0.000000 1.071000
611.5  0.000000 -0.000000 1.080000
612.0  0.000000 0.000000 1.096000
612.5  0.000000 0.000000 1.118000
613.0  0.000000 0.000000 1.148000
613.5  0.000000 0.000000 1.185000
614.0  -0.000000 0.000000 1.228000
614.5  0.000000 0.000000 1.278000
615.0  0.000000 -0.000000 1.333000
615.5  -0.000000 0.000000 1.392000
616.0  0.000000 -0.000000 1.454000
616.5  -0.000000 0.000000 1.516000
617.0  0.000000 -0.000000 1.577000
617.5  -0.000000 -0.000000 1.634000
618.0  -0.000000 0.000000 1.685000
618.5  -0.000000 -0.000000 1.726000
619.0  -0.000000 0.000000 1.755000
619.5  -0.000000 0.000000 1.769000
620.0  -0.000000 0.000000 1.766000
620.5  -0.000000 -0.000000 1.743000
621.0  -0.000000 0.000000 1.700000
621.5  -0.000000 0.000000 1.634000
622.0  -0.000000 -0.000000 1.549000
622.5  -0.000000 -0.000000 1.444000
623.0  -0.000000 -0.000000 1.326000
623.5  0.000000 0.000000 1.196000
624.0  0.000000 -0.000000 1.059000
624.5  0.000000 0.000000 0.916000
625.0  0.000000 -0.000000 0.770000
625.5  -0.000000 0.000000 0.619000
626.0  0.000000 0.000000 0.463000
626.5  -0.000000 -0.000000 0.299000
627.0  0.000000 0.000000 0.127000
627.5  -0.000000 0.000000 -0.058000
628.0  0.000000 0.000000 -0.256000
628.5  0.000000 0.000000 -0.467000
629.0  -0.000000 -0.000000 -0.688000
629.5  0.000000 0.000000 -0.908000
630.0  -0.000000 -0.000000 -1.107000
630.5  0.000000 -0.000000 -1.254000
631.0  -0.000000 0.000000 -1.311000
631.5  0.000000 -0.000000 -1.249000
632.0  -0.000000 -0.000000 -1.057000
632.5  -0.000000 0.000000 -0.755000
633.0  -0.000000 0.000000 -0.377000
633.5  0.000000 -0.000000 0.040000
634.0  0.000000 0.000000 0.463000
634.5  0.000000 -0.000000 0.847000
635.0  0.000000 -0.000000 1.130000
635.5  0.000000 0.000000 1.247000
636.0  0.000000 -0.000000 1.172000
636.5  0.000000 -0.000000 0.939000
637.0  -0.000000 0.000000 0.613000
637.5  0.000000 -0.000000 0.254000
638.0  -0.000000 0.000000 -0.103000
638.5  -0.000000 -0.000000 -0.438000
639.0  -0.000000 -0.000000 -0.739000
639.5  -0.000000 -0.000000 -0.995000
640.0  -0.000000 -0.000000 -1.194000
640.5  0.000000 0.000000 -1.328000
641.0  0.000000 -0.000000 -1.395000
641.5  -0.000000 0.000000 -1.400000
642.0  -0.000000 0.000000 -1.355000
642.5  0.000000 0.000000 -1.275000
643.0  -0.000000 0.000000 -1.172000
643.5  -0.000000 0.000000 -1.058000
644.0  0.000000 -0.000000 -0.941000
644.5  0.000000 0.000000 -0.826000
645.0  -0.000000 0.000000 -0.718000
645.5  -0.000000 -0.000000 -0.618000
646.0  0.000000 -0.000000 -0.525000
646.5  0.000000 -0.000000 -0.440000
647.0  -0.000000 0.000000 -0.362000
647.5  0.000000 0.000000 -0.291000
648.0  0.000000 -0.000000 -0.224000
648.5  -0.000000 -0.000000 -0.161000
649.0  0.000000 -0.000000 -0.100000
649.5  -0.000000 -0.000000 -0.042000
650.0  -0.000000 -0.000000 0.016000
650.5  0.000000 -0.000000 0.074000
651.0  0.000000 -0.000000 0.133000
651.5  0.000000 0.000000 0.195000
652.0  0.000000 -0.000000 0.260000
652.5  0.000000 0.000000 0.329000
653.0  0.000000 -0.000000 0.405000
653.5  0.000000 -0.000000 0.486000
654.0  0.000000 -0.000000 0.576000
654.5  -0.000000 0.000000 0.673000
655.0  0.000000 0.000000 0.778000
655.5  0.000000 0.000000 0.889000
656.0  -0.000000 -0.000000 1.006000
656.5  -0.000000 0.000000 1.122000
657.0  0.000000 0.000000 1.230000
657.5  -0.000000 -0.000000 1.322000
658.0  0.000000 -0.000000 1.382000
658.5  0.000000 -0.000000 1.399000
659.0  -0.000000 -0.000000 1.358000
659.5  -0.000000 0.000000 1.252000
660.0  0.000000 0.000000 1.078000
660.5  0.000000 0.000000 0.844000
661.0  -0.000000 0.000000 0.559000
661.5  0.000000 -0.000000 0.236000
662.0  -0.000000 0.000000 -0.113000
662.5  -0.000000 0.000000 -0.475000
663.0  -0.000000 0.000000 -0.820000
663.5  0.000000 0.000000 -1.096000
664.0  0.000000 -0.000000 -1.237000
664.5  -0.000000 -0.000000 -1.192000
665.0  -0.000000 -0.000000 -0.965000
665.5  -0.000000 0.000000 -0.611000
666.0  -0.000000 0.000000 -0.197000
666.5  -0.000000 0.000000 0.227000
667.0  -0.000000 -0.000000 0.622000
667.5  0.000000 -0.000000 0.956000
668.0  -0.000000 -0.000000 1.190000
668.5  -0.000000 0.000000 1.300000
669.0  -0.000000 0.000000 1.283000
669.5  -0.000000 0.000000 1.165000
670.0  -0.000000 -0.000000 0.981000
670.5  0.000000 -0.000000 0.767000
671.0  -0.000000 0.000000 0.545000
671.5  -0.000000 -0.000000 0.330000
672.0  0.000000 0.000000 0.128000
672.5  0.000000 -0.000000 -0.060000
673.0  0.000000 0.000000 -0.236000
673.5  0.000000 -0.000000 -0.402000
674.0  0.000000 -0.000000 -0.559000
674.5  -0.000000 0.000000 -0.711000
675.0  -0.000000 -0.000000 -0.859000
675.5  -0.000000 0.000000 -1.002000
676.0  0.000000 0.000000 -1.141000
676.5  0.000000 -0.000000 -1.273000
677.0  -0.000000 0.000000 -1.396000
677.5  0.000000 -0.000000 -1.507000
678.0  -0.000000 -0.000000 -1.600000
678.5  0.000000 -0.000000 -1.674000
679.0  -0.000000 -0.000000 -1.727000
679.5  0.000000 0.000000 -1.758000
680.0  -0.000000 -0.000000 -1.769000
680.5  0.000000 -0.000000 -1.763000
681.0  -0.000000 -0.000000 -1.740000
681.5  0.000000 -0.000000 -1.704000
682.0  -0.000000 0.000000 -1.658000
682.5  0.000000 0.000000 -1.604000
683.0  -0.000000 -0.000000 -1.544000
683.5  0.000000 -0.000000 -1.483000
684.0  -0.000000 -0.000000 -1.420000
684.5  -0.000000 0.000000 -1.360000
685.0  -0.000000 -0.000000 -1.303000
685.5  0.000000 0.000000 -1.251000
686.0  -0.000000 0.000000 -1.205000
686.5  0.000000 0.000000 -1.166000
687.0  0.000000 -0.000000 -1.133000
687.5  0.000000 0.000000 -1.107000
688.0  0.000000 -0.000000 -1.088000
688.5  0.000000 0.000000 -1.076000
689.0  -0.000000 -0.000000 -1.071000
689.5  -0.000000 0.000000 -1.073000
690.0  0.000000 -0.000000 -1.081000
690.5  0.000000 -0.000000 -1.096000
691.0  -0.000000 0.000000 -1.116000
691.5  -0.000000 0.000000 -1.142000
692.0  -0.000000 -0.000000 -1.173000
692.5  -0.000000 -0.000000 -1.208000
693.0  -0.000000 -0.000000 -1.245000
693.5  0.000000 0.000000 -1.284000
694.0  -0.000000 0.000000 -1.321000
694.5  -0.000000 0.000000 -1.354000
695.0  -0.000000 -0.000000 -1.380000
695.5  -0.000000 0.000000 -1.394000
696.0  0.000000 -0.000000 -1.392000
696.5  0.000000 0.000000 -1.370000
697.0  -0.000000 0.000000 -1.323000
697.5  -0.000000 0.000000 -1.249000
698.0  0.000000 -0.000000 -1.145000
698.5  -0.000000 0.000000 -1.010000
699.0  0.000000 0.000000 -0.846000
699.5  -0.000000 -0.000000 -0.653000
700.0  0.000000 -0.000000 -0.434000
700.5  -0.000000 0.000000 -0.190000
701.0  0.000000 -0.000000 0.076000
701.5  -0.000000 -0.000000 0.359000
702.0  -0.000000 -0.000000 0.644000
702.5  -0.000000 -0.000000 0.901000
703.0  0.000000 0.000000 1.084000
703.5  0.000000 0.000000 1.138000
704.0  0.000000 -0.000000 1.028000
704.5  -0.000000 0.000000 0.763000
705.0  -0.000000 0.000000 0.392000
705.5  0.000000 0.000000 -0.028000
706.0  0.000000 0.000000 -0.445000
706.5  0.000000 0.000000 -0.805000
707.0  -0.000000 -0.000000 -1.051000
707.5  -0.000000 0.000000 -1.143000
708.0  0.000000 0.000000 -1.077000
708.5  -0.000000 0.000000 -0.890000
709.0  0.000000 -0.000000 -0.636000
709.5  -0.000000 0.000000 -0.358000
710.0  -0.000000 0.000000 -0.084000
710.5  0.000000 0.000000 0.174000
711.0  0.000000 -0.000000 0.411000
711.5  0.000000 -0.000000 0.624000
712.0  0.000000 -0.000000 0.814000
712.5  -0.000000 0.000000 0.978000
713.0  -0.000000 -0.000000 1.116000
713.5  -0.000000 0.000000 1.227000
714.0  -0.000000 0.000000 1.312000
714.5  -0.000000 -0.000000 1.370000
715.0  0.000000 -0.000000 1.405000
715.5  0.000000 -0.000000 1.420000
716.0  0.000000 0.000000 1.418000
716.5  -0.000000 -0.000000 1.403000
717.0  -0.000000 -0.000000 1.380000
717.5  -0.000000 0.000000 1.350000
718.0  -0.000000 0.000000 1.318000
718.5  -0.000000 0.000000 1.286000
719.0  0.000000 -0.000000 1.254000
719.5  0.000000 0.000000 1.226000
720.0  -0.000000 0.000000 1.202000
720.5  0.000000 -0.000000 1.182000
721.0  0.000000 0.000000 1.168000
721.5  -0.000000 -0.000000 1.159000
722.0  0.000000 -0.000000 1.157000
722.5  -0.000000 -0.000000 1.161000
723.0  -0.000000 0.000000 1.172000
723.5  0.000000 0.000000 1.189000
724.0  -0.000000 0.000000 1.212000
724.5  0.000000 -0.000000 1.242000
725.0  -0.000000 0.000000 1.278000
725.5  0.000000 0.000000 1.320000
726.0  -0.000000 0.000000 1.366000
726.5  0.000000 0.000000 1.416000
727.0  -0.000000 -0.000000 1.468000
727.5  0.000000 0.000000 1.521000
728.0  0.000000 -0.000000 1.573000
728.5  0.000000 -0.000000 1.622000
729.0  -0.000000 -0.000000 1.666000
729.5  0.000000 -0.000000 1.703000
730.0  0.000000 0.000000 1.731000
730.5  -0.000000 -0.000000 1.748000
731.0  -0.000000 0.000000 1.753000
731.5  -0.000000 -0.000000 1.745000
732.0  0.000000 0.000000 1.721000
732.5  0.000000 0.000000 1.682000
733.0  -0.000000 0.000000 1.627000
733.5  0.000000 0.000000 1.557000
734.0  -0.000000 -0.000000 1.474000
734.5  -0.000000 0.000000 1.380000
735.0  -0.000000 0.000000 1.279000
735.5  -0.000000 -0.000000 1.172000
736.0  0.000000 -0.000000 1.062000
736.5  0.000000 -0.000000 0.950000
737.0  -0.000000 0.000000 0.836000
737.5  -0.000000 0.000000 0.720000
738.0  -0.000000 -0.000000 0.601000
738.5  0.000000 0.000000 0.477000
739.0  -0.000000 -0.000000 0.347000
739.5  0.000000 -0.000000 0.210000
740.0  0.000000 0.000000 0.061000
740.5  -0.000000 -0.000000 -0.098000
741.0  0.000000 -0.000000 -0.271000
741.5  -0.000000 -0.000000 -0.455000
742.0  -0.000000 0.000000 -0.645000
742.5  -0.000000 -0.000000 -0.830000
743.0  0.000000 -0.000000 -0.990000
743.5  -0.000000 -0.000000 -1.096000
744.0  -0.000000 0.000000 -1.114000
744.5  0.000000 -0.000000 -1.020000
745.0  -0.000000 0.000000 -0.809000
745.5  -0.000000 -0.000000 -0.500000
746.0  0.000000 0.000000 -0.126000
746.5  -0.000000 0.000000 0.272000
747.0  0.000000 -0.000000 0.644000
747.5  0.000000 0.000000 0.926000
748.0  0.000000 0.000000 1.050000
748.5  -0.000000 -0.000000 0.986000
749.0  -0.000000 0.000000 0.764000
749.5  -0.000000 -0.000000 0.450000
750.0  -0.000000 -0.000000 0.105000
750.5  -0.000000 0.000000 -0.232000
751.0  -0.000000 0.000000 -0.536000
751.5  0.000000 0.000000 -0.792000
752.0  0.000000 0.000000 -0.989000
752.5  -0.000000 -0.000000 -1.119000
753.0  0.000000 0.000000 -1.183000
753.5  -0.000000 0.000000 -1.189000
754.0  -0.000000 -0.000000 -1.150000
754.5  0.000000 -0.000000 -1.078000
755.0  -0.000000 -0.000000 -0.988000
755.5  -0.000000 0.000000 -0.888000
756.0  -0.000000 -0.000000 -0.787000
756.5  -0.000000 0.000000 -0.688000
757.0  0.000000 -0.000000 -0.595000
757.5  -0.000000 0.000000 -0.508000
758.0  0.000000 0.000000 -0.428000
758.5  0.000000 0.000000 -0.355000
759.0  0.000000 -0.000000 -0.287000
759.5  0.000000 0.000000 -0.225000
760.0  -0.000000 0.000000 -0.167000
760.5  0.000000 -0.000000 -0.113000
761.0  -0.000000 -0.000000 -0.060000
761.5  0.000000 0.000000 -0.010000
762.0  0.000000 -0.000000 0.040000
762.5  0.000000 -0.000000 0.090000
763.0  -0.000000 0.000000 0.141000
763.5  -0.000000 -0.000000 0.194000
764.0  0.000000 -0.000000 0.250000
764.5  -0.000000 0.000000 0.310000
765.0  -0.000000 -0.000000 0.374000
765.5  -0.000000 -0.000000 0.445000
766.0  0.000000 -0.000000 0.521000
766.5  -0.000000 -0.000000 0.605000
767.0  -0.000000 0.000000 0.697000
767.5  -0.000000 -0.000000 0.795000
768.0  0.000000 0.000000 0.900000
768.5  -0.000000 0.000000 1.009000
769.0  -0.000000 0.000000 1.117000
769.5  -0.000000 -0.000000 1.218000
770.0  0.000000 -0.000000 1.302000
770.5  -0.000000 -0.000000 1.356000
771.0  -0.000000 -0.000000 1.369000
771.5  0.000000 -0.000000 1.327000
772.0  -0.000000 0.000000 1.222000
772.5  0.000000 -0.000000 1.053000
773.0  0.000000 0.000000 0.825000
773.5  -0.000000 0.000000 0.546000
774.0  0.000000 0.000000 0.230000
774.5  -0.000000 0.000000 -0.115000
775.0  0.000000 -0.000000 -0.471000
775.5  0.000000 -0.000000 -0.809000
776.0  0.000000 -0.000000 -1.076000
776.5  0.000000 -0.000000 -1.207000
777.0  -0.000000 0.000000 -1.151000
777.5  0.000000 -0.000000 -0.917000
778.0  0.000000 0.000000 -0.558000
778.5  -0.000000 0.000000 -0.143000
779.0  0.000000 0.000000 0.277000
779.5  -0.000000 0.000000 0.664000
780.0  -0.000000 -0.000000 0.981000
780.5  0.000000 -0.000000 1.190000
781.0  -0.000000 0.000000 1.271000
781.5  0.000000 -0.000000 1.227000
782.0  0.000000 -0.000000 1.090000
782.5  -0.000000 0.000000 0.895000
783.0  -0.000000 0.000000 0.677000
783.5  0.000000 0.000000 0.456000
784.0  0.000000 0.000000 0.245000
784.5  0.000000 0.000000 0.046000
785.0  -0.000000 0.000000 -0.138000
785.5  -0.000000 -0.000000 -0.311000
786.0  -0.000000 -0.000000 -0.473000
786.5  -0.000000 -0.000000 -0.627000
787.0  0.000000 -0.000000 -0.775000
787.5  -0.000000 0.000000 -0.918000
788.0  0.000000 0.000000 -1.056000
788.5  0.000000 0.000000 -1.188000
789.0  0.000000 0.000000 -1.312000
789.5  0.000000 0.000000 -1.426000
790.0  0.000000 -0.000000 -1.526000
790.5  -0.000000 -0.000000 -1.608000
791.0  0.000000 0.000000 -1.672000
791.5  -0.000000 -0.000000 -1.715000
792.0  -0.000000 0.000000 -1.740000
792.5  -0.000000 0.000000 -1.746000
793.0  0.000000 0.000000 -1.736000
793.5  -0.000000 0.000000 -1.713000
794.0  -0.000000 0.000000 -1.679000
794.5  0.000000 -0.000000 -1.636000
795.0  0.000000 -0.000000 -1.586000
795.5  0.000000 0.000000 -1.533000
796.0  -0.000000 -0.000000 -1.479000
796.5  -0.000000 0.000000 -1.424000
797.0  0.000000 0.000000 -1.372000
797.5  -0.000000 -0.000000 -1.324000
798.0  0.000000 -0.000000 -1.281000
798.5  0.000000 0.000000 -1.243000
799.0  0.000000 -0.000000 -1.211000
799.5  -0.000000 -0.000000 -1.186000
800.0  -0.000000 0.000000 -1.168000
800.5  0.000000 0.000000 -1.157000
801.0  -0.000000 -0.000000 -1.153000
801.5  0.000000 -0.000000 -1.156000
802.0  -0.000000 -0.000000 -1.166000
802.5  -0.000000 -0.000000 -1.183000
803.0  0.000000 0.000000 -1.206000
803.5  -0.000000 0.000000 -1.234000
804.0  0.000000 0.000000 -1.269000
804.5  0.000000 -0.000000 -1.307000
805.0  0.000000 -0.000000 -1.350000
805.5  -0.000000 0.000000 -1.394000
806.0  0.000000 0.000000 -1.437000
806.5  0.000000 0.000000 -1.479000
807.0  0.000000 0.000000 -1.515000
807.5  0.000000 0.000000 -1.542000
808.0  0.000000 -0.000000 -1.557000
808.5  0.000000 0.000000 -1.555000
809.0  -0.000000 -0.000000 -1.533000
809.5  -0.000000 0.000000 -1.487000
810.0  -0.000000 -0.000000 -1.415000
810.5  0.000000 -0.000000 -1.317000
811.0  0.000000 -0.000000 -1.193000
811.5  0.000000 -0.000000 -1.045000
812.0  -0.000000 0.000000 -0.876000
812.5  -0.000000 0.000000 -0.686000
813.0  0.000000 0.000000 -0.478000
813.5  -0.000000 -0.000000 -0.251000
814.0  -0.000000 0.000000 -0.006000
814.5  0.000000 -0.000000 0.257000
815.0  -0.000000 -0.000000 0.533000
815.5  0.000000 -0.000000 0.806000
816.0  -0.000000 -0.000000 1.048000
816.5  0.000000 -0.000000 1.212000
817.0  -0.000000 0.000000 1.249000
817.5  -0.000000 0.000000 1.128000
818.0  -0.000000 0.000000 0.860000
818.5  0.000000 0.000000 0.487000
819.0  0.000000 0.000000 0.061000
819.5  0.000000 0.000000 -0.373000
820.0  -0.000000 -0.000000 -0.769000
820.5  -0.000000 0.000000 -1.073000
821.0  0.000000 0.000000 -1.226000
821.5  0.000000 0.000000 -1.206000
822.0  -0.000000 0.000000 -1.036000
822.5  -0.000000 0.000000 -0.771000
823.0  -0.000000 -0.000000 -0.467000
823.5  -0.000000 0.000000 -0.158000
824.0  -0.000000 -0.000000 0.137000
824.5  0.000000 0.000000 0.411000
825.0  0.000000 0.000000 0.659000
825.5  0.000000 0.000000 0.880000
826.0  0.000000 0.000000 1.070000
826.5  -0.000000 -0.000000 1.224000
827.0  0.000000 0.000000 1.341000
827.5  0.000000 -0.000000 1.418000
828.0  -0.000000 -0.000000 1.458000
828.5  0.000000 -0.000000 1.466000
829.0  0.000000 0.000000 1.447000
829.5  -0.000000 0.000000 1.408000
830.0  -0.000000 -0.000000 1.356000
830.5  0.000000 -0.000000 1.296000
831.0  -0.000000 -0.000000 1.232000
831.5  0.000000 -0.000000 1.167000
832.0  -0.000000 0.000000 1.106000
832.5  0.000000 -0.000000 1.048000
833.0  -0.000000 0.000000 0.996000
833.5  0.000000 -0.000000 0.951000
834.0  -0.000000 -0.000000 0.911000
834.5  0.000000 0.000000 0.879000
835.0  -0.000000 0.000000 0.853000
835.5  -0.000000 -0.000000 0.834000
836.0  -0.000000 0.000000 0.821000
836.5  -0.000000 -0.000000 0.815000
837.0  -0.000000 0.000000 0.815000
837.5  -0.000000 0.000000 0.822000
838.0  -0.000000 0.000000 0.836000
838.5  0.000000 0.000000 0.856000
839.0  -0.000000 0.000000 0.883000
839.5  -0.000000 0.000000 0.916000
840.0  -0.000000 0.000000 0.956000
840.5  -0.000000 -0.000000 1.003000
841.0  -0.000000 -0.000000 1.056000
841.5  0.000000 -0.000000 1.115000
842.0  -0.000000 -0.000000 1.178000
842.5  -0.000000 -0.000000 1.244000
843.0  -0.000000 -0.000000 1.309000
843.5  -0.000000 -0.000000 1.371000
844.0  0.000000 0.000000 1.425000
844.5  0.000000 -0.000000 1.464000
845.0  -0.000000 -0.000000 1.484000
845.5  -0.000000 0.000000 1.477000
846.0  0.000000 -0.000000 1.438000
846.5  0.000000 0.000000 1.362000
847.0  0.000000 -0.000000 1.247000
847.5  -0.000000 0.000000 1.094000
848.0  0.000000 0.000000 0.906000
848.5  0.000000 0.000000 0.687000
849.0  0.000000 0.000000 0.441000
849.5  0.000000 -0.000000 0.170000
850.0  0.000000 0.000000 -0.122000
850.5  0.000000 0.000000 -0.429000
851.0  -0.000000 0.000000 -0.737000
851.5  -0.000000 -0.000000 -1.011000
852.0  0.000000 -0.000000 -1.202000
852.5  0.000000 -0.000000 -1.252000
853.0  -0.000000 -0.000000 -1.129000
853.5  0.000000 0.000000 -0.849000
854.0  0.000000 -0.000000 -0.465000
854.5  0.000000 0.000000 -0.033000
855.0  0.000000 -0.000000 0.399000
855.5  0.000000 -0.000000 0.790000
856.0  0.000000 0.000000 1.090000
856.5  -0.000000 -0.000000 1.249000
857.0  -0.000000 0.000000 1.249000
857.5  0.000000 -0.000000 1.110000
858.0  0.000000 -0.000000 0.880000
858.5  -0.000000 0.000000 0.608000
859.0  0.000000 -0.000000 0.328000
859.5  -0.000000 -0.000000 0.058000
860.0  -0.000000 -0.000000 -0.195000
860.5  -0.000000 -0.000000 -0.429000
861.0  -0.000000 -0.000000 -0.645000
861.5  -0.000000 -0.000000 -0.842000
862.0  -0.000000 0.000000 -1.020000
862.5  0.000000 0.000000 -1.175000
863.0  -0.000000 -0.000000 -1.307000
863.5  -0.000000 0.000000 -1.411000
864.0  0.000000 -0.000000 -1.488000
864.5  -0.000000 0.000000 -1.538000
865.0  0.000000 0.000000 -1.562000
865.5  0.000000 0.000000 -1.565000
866.0  -0.000000 -0.000000 -1.550000
866.5  -0.000000 0.000000 -1.521000
867.0  0.000000 0.000000 -1.483000
867.5  0.000000 -0.000000 -1.438000
868.0  0.000000 0.000000 -1.391000
868.5  -0.000000 -0.000000 -1.343000
869.0  -0.000000 -0.000000 -1.298000
869.5  0.000000 0.000000 -1.255000
870.0  -0.000000 -0.000000 -1.218000
870.5  0.000000 0.000000 -1.186000
871.0  0.000000 -0.000000 -1.159000
871.5  -0.000000 0.000000 -1.140000
872.0  -0.000000 0.000000 -1.127000
872.5  -0.000000 0.000000 -1.121000
873.0  -0.000000 0.000000 -1.123000
873.5  0.000000 0.000000 -1.131000
874.0  0.000000 0.000000 -1.147000
874.5  0.000000 0.000000 -1.169000
875.0  0.000000 0.000000 -1.199000
875.5  0.000000 0.000000 -1.235000
876.0  -0.000000 0.000000 -1.278000
876.5  -0.000000 -0.000000 -1.326000
877.0  0.000000 -0.000000 -1.379000
877.5  0.000000 0.000000 -1.436000
878.0  0.000000 -0.000000 -1.494000
878.5  0.000000 0.000000 -1.551000
879.0  -0.000000 0.000000 -1.605000
879.5  0.000000 -0.000000 -1.654000
880.0  -0.000000 0.000000 -1.695000
880.5  -0.000000 -0.000000 -1.725000
881.0  -0.000000 -0.000000 -1.741000
881.5  0.000000 -0.000000 -1.740000
882.0  0.000000 0.000000 -1.719000
882.5  0.000000 0.000000 -1.677000
883.0  0.000000 -0.000000 -1.612000
883.5  -0.000000 -0.000000 -1.526000
884.0  -0.000000 -0.000000 -1.420000
884.5  0.000000 -0.000000 -1.297000
885.0  0.000000 0.000000 -1.162000
885.5  0.000000 -0.000000 -1.017000
886.0  0.000000 -0.000000 -0.864000
886.5  -0.000000 -0.000000 -0.705000
887.0  0.000000 -0.000000 -0.539000
887.5  0.000000 0.000000 -0.365000
888.0  0.000000 -0.000000 -0.181000
888.5  -0.000000 -0.000000 0.016000
889.0  -0.000000 -0.000000 0.226000
889.5  -0.000000 0.000000 0.451000
890.0  -0.000000 -0.000000 0.686000
890.5  0.000000 -0.000000 0.919000
891.0  -0.000000 -0.000000 1.127000
891.5  -0.000000 0.000000 1.275000
892.0  0.000000 0.000000 1.325000
892.5  0.000000 0.000000 1.244000
893.0  0.000000 0.000000 1.030000
893.5  0.000000 0.000000 0.706000
894.0  -0.000000 -0.000000 0.312000
894.5  0.000000 0.000000 -0.114000
895.0  0.000000 0.000000 -0.538000
895.5  -0.000000 -0.000000 -0.914000
896.0  -0.000000 0.000000 -1.179000
896.5  0.000000 -0.000000 -1.271000
897.0  -0.000000 -0.000000 -1.177000
897.5  0.000000 -0.000000 -0.934000
898.0  0.000000 0.000000 -0.608000
898.5  -0.000000 0.000000 -0.255000
899.0  0.000000 0.000000 0.093000
899.5  0.000000 0.000000 0.420000
900.0  -0.000000 -0.000000 0.716000
900.5  -0.000000 0.000000 0.972000
901.0  -0.000000 -0.000000 1.179000
901.5  -0.000000 -0.000000 1.327000
902.0  -0.000000 0.000000 1.412000
902.5  0.000000 -0.000000 1.439000
903.0  0.000000 -0.000000 1.416000
903.5  0.000000 0.000000 1.353000
904.0  0.000000 0.000000 1.265000
904.5  0.000000 0.000000 1.162000
905.0  -0.000000 -0.000000 1.053000
905.5  0.000000 0.000000 0.944000
906.0  -0.000000 0.000000 0.839000
906.5  -0.000000 0.000000 0.741000
907.0  -0.000000 0.000000 0.651000
907.5  0.000000 0.000000 0.568000
908.0  0.000000 0.000000 0.492000
908.5  -0.000000 -0.000000 0.424000
909.0  0.000000 0.000000 0.360000
909.5  -0.000000 -0.000000 0.302000
910.0  0.000000 -0.000000 0.248000
910.5  -0.000000 -0.000000 0.197000
911.0  -0.000000 0.000000 0.148000
911.5  0.000000 -0.000000 0.101000
912.0  0.000000 -0.000000 0.054000
912.5  -0.000000 0.000000 0.008000
913.0  -0.000000 -0.000000 -0.040000
913.5  -0.000000 0.000000 -0.090000
914.0  -0.000000 0.000000 -0.143000
914.5  0.000000 -0.000000 -0.199000
915.0  -0.000000 -0.000000 -0.259000
915.5  -0.000000 -0.000000 -0.324000
916.0  -0.000000 0.000000 -0.395000
916.5  -0.000000 -0.000000 -0.473000
917.0  0.000000 -0.000000 -0.556000
917.5  -0.000000 -0.000000 -0.644000
918.0  0.000000 -0.000000 -0.735000
918.5  -0.000000 0.000000 -0.825000
919.0  -0.000000 -0.000000 -0.908000
919.5  -0.000000 -0.000000 -0.975000
920.0  0.000000 0.000000 -1.015000
920.5  -0.000000 -0.000000 -1.013000
921.0  0.000000 -0.000000 -0.957000
921.5  -0.000000 0.000000 -0.838000
922.0  -0.000000 0.000000 -0.652000
922.5  -0.000000 -0.000000 -0.406000
923.0  -0.000000 -0.000000 -0.112000
923.5  -0.000000 -0.000000 0.209000
924.0  -0.000000 0.000000 0.521000
924.5  0.000000 -0.000000 0.771000
925.0  -0.000000 0.000000 0.893000
925.5  -0.000000 -0.000000 0.842000
926.0  -0.000000 0.000000 0.626000
926.5  -0.000000 0.000000 0.303000
927.0  -0.000000 -0.000000 -0.059000
927.5  0.000000 0.000000 -0.403000
928.0  0.000000 0.000000 -0.685000
928.5  -0.000000 -0.000000 -0.875000
929.0  -0.000000 -0.000000 -0.959000
929.5  -0.000000 0.000000 -0.946000
930.0  0.000000 -0.000000 -0.857000
930.5  -0.000000 0.000000 -0.722000
931.0  0.000000 -0.000000 -0.566000
931.5  0.000000 -0.000000 -0.404000
932.0  0.000000 -0.000000 -0.248000
932.5  0.000000 -0.000000 -0.101000
933.0  -0.000000 0.000000 0.035000
933.5  0.000000 0.000000 0.160000
934.0  -0.000000 0.000000 0.276000
934.5  0.000000 0.000000 0.383000
935.0  -0.000000 -0.000000 0.485000
935.5  0.000000 -0.000000 0.583000
936.0  0.000000 -0.000000 0.678000
936.5  0.000000 -0.000000 0.771000
937.0  -0.000000 0.000000 0.865000
937.5  -0.000000 0.000000 0.959000
938.0  -0.000000 -0.000000 1.054000
938.5  -0.000000 -0.000000 1.151000
939.0  0.000000 -0.000000 1.248000
939.5  0.000000 0.000000 1.343000
940.0  -0.000000 -0.000000 1.435000
940.5  -0.000000 0.000000 1.520000
941.0  0.000000 0.000000 1.597000
941.5  -0.000000 -0.000000 1.661000
942.0  0.000000 0.000000 1.712000
942.5  0.000000 -0.000000 1.749000
943.0  0.000000 0.000000 1.771000
943.5  -0.000000 -0.000000 1.778000
944.0  0.000000 -0.000000 1.771000
944.5  -0.000000 -0.000000 1.752000
945.0  0.000000 0.000000 1.720000
945.5  -0.000000 -0.000000 1.678000
946.0  0.000000 0.000000 1.628000
946.5  0.000000 0.000000 1.572000
947.0  -0.000000 -0.000000 1.511000
947.5  0.000000 0.000000 1.448000
948.0  -0.000000 0.000000 1.385000
948.5  -0.000000 0.000000 1.323000
949.0  -0.000000 0.000000 1.265000
949.5  -0.000000 -0.000000 1.212000
950.0  -0.000000 -0.000000 1.163000
950.5  -0.000000 -0.000000 1.120000
951.0  -0.000000 -0.000000 1.083000
951.5  -0.000000 -0.000000 1.052000
952.0  -0.000000 0.000000 1.026000
952.5  -0.000000 -0.000000 1.006000
953.0  -0.000000 -0.000000 0.990000
953.5  -0.000000 -0.000000 0.979000
954.0  -0.000000 0.000000 0.972000
954.5  0.000000 -0.000000 0.968000
955.0  0.000000 0.000000 0.966000
955.5  0.000000 -0.000000 0.966000
956.0  0.000000 0.000000 0.966000
956.5  0.000000 -0.000000 0.965000
957.0  0.000000 0.000000 0.960000
957.5  0.000000 -0.000000 0.949000
958.0  0.000000 0.000000 0.930000
958.5  0.000000 -0.000000 0.900000
959.0  0.000000 0.000000 0.854000
959.5  -0.000000 0.000000 0.790000
960.0  0.000000 0.000000 0.704000
960.5  0.000000 -0.000000 0.593000
961.0  0.000000 -0.000000 0.454000
961.5  0.000000 -0.000000 0.288000
962.0  0.000000 0.000000 0.094000
962.5  0.000000 -0.000000 -0.120000
963.0  -0.000000 -0.000000 -0.342000
963.5  0.000000 0.000000 -0.548000
964.0  -0.000000 -0.000000 -0.700000
964.5  -0.000000 -0.000000 -0.753000
965.0  0.000000 -0.000000 -0.674000
965.5  0.000000 0.000000 -0.463000
966.0  -0.000000 0.000000 -0.161000
966.5  -0.000000 -0.000000 0.172000
967.0  0.000000 0.000000 0.471000
967.5  -0.000000 0.000000 0.678000
968.0  0.000000 0.000000 0.758000
968.5  0.000000 0.000000 0.711000
969.0  -0.000000 -0.000000 0.570000
969.5  0.000000 0.000000 0.377000
970.0  -0.000000 -0.000000 0.167000
970.5  -0.000000 -0.000000 -0.038000
971.0  -0.000000 0.000000 -0.225000
971.5  -0.000000 0.000000 -0.389000
972.0  0.000000 0.000000 -0.529000
972.5  0.000000 0.000000 -0.645000
973.0  0.000000 -0.000000 -0.740000
973.5  0.000000 0.000000 -0.815000
974.0  0.000000 -0.000000 -0.875000
974.5  -0.000000 -0.000000 -0.921000
975.0  -0.000000 0.000000 -0.956000
975.5  0.000000 0.000000 -0.982000
976.0  0.000000 0.000000 -1.003000
976.5  -0.000000 -0.000000 -1.020000
977.0  0.000000 -0.000000 -1.034000
977.5  -0.000000 -0.000000 -1.048000
978.0  0.000000 0.000000 -1.062000
978.5  -0.000000 0.000000 -1.078000
979.0  0.000000 0.000000 -1.096000
979.5  -0.000000 0.000000 -1.117000
980.0  0.000000 0.000000 -1.142000
980.5  -0.000000 0.000000 -1.170000
981.0  0.000000 -0.000000 -1.202000
981.5  0.000000 -0.000000 -1.239000
982.0  0.000000 0.000000 -1.279000
982.5  -0.000000 0.000000 -1.323000
983.0  -0.000000 -0.000000 -1.370000
983.5  -0.000000 0.000000 -1.418000
984.0  -0.000000 0.000000 -1.467000
984.5  0.000000 -0.000000 -1.515000
985.0  -0.000000 0.000000 -1.560000
985.5  0.000000 -0.000000 -1.602000
986.0  -0.000000 -0.000000 -1.639000
986.5  -0.000000 -0.000000 -1.670000
987.0  0.000000 0.000000 -1.695000
987.5  -0.000000 -0.000000 -1.711000
988.0  0.000000 0.000000 -1.718000
988.5  0.000000 0.000000 -1.716000
989.0  0.000000 -0.000000 -1.704000
989.5  0.000000 0.000000 -1.684000
990.0  -0.000000 0.000000 -1.656000
990.5  -0.000000 0.000000 -1.621000
991.0  0.000000 -0.000000 -1.579000
991.5  -0.000000 0.000000 -1.532000
992.0  0.000000 0.000000 -1.481000
992.5  -0.000000 0.000000 -1.427000
993.0  0.000000 -0.000000 -1.372000
993.5  -0.000000 0.000000 -1.318000
994.0  0.000000 0.000000 -1.264000
994.5  0.000000 -0.000000 -1.214000
995.0  -0.000000 -0.000000 -1.165000
995.5  0.000000 0.000000 -1.120000
996.0  -0.000000 0.000000 -1.078000
996.5  -0.000000 0.000000 -1.038000
997.0  -0.000000 0.000000 -1.001000
997.5  0.000000 -0.000000 -0.965000
998.0  -0.000000 -0.000000 -0.929000
998.5  0.000000 0.000000 -0.893000
999.0  -0.000000 -0.000000 -0.855000
999.5  0.000000 -0.000000 -0.815000
1000.0  0.000000 0.000000 -0.769000
