0.0  10.378653  -280.507418  -270.128765
0.5  10.220137  -280.339905  -270.119768
1.0  9.797977  -279.910685  -270.112708
1.5  9.204220  -279.311820  -270.107600
2.0  8.509034  -278.612990  -270.103956
2.5  7.763410  -277.864941  -270.101531
3.0  7.003512  -277.103445  -270.099933
3.5  6.254600  -276.353583  -270.098983
4.0  5.534091  -275.632343  -270.098252
4.5  4.853804  -274.951767  -270.097963
5.0  4.221562  -274.319393  -270.097831
5.5  3.642351  -273.740187  -270.097837
6.0  3.119156  -273.216899  -270.097743
6.5  2.653568  -272.751494  -270.097926
7.0  2.246232  -272.344205  -270.097973
7.5  1.897164  -271.995303  -270.098139
8.0  1.605980  -271.704301  -270.098321
8.5  1.372042  -271.470508  -270.098466
9.0  1.194562  -271.293126  -270.098564
9.5  1.072638  -271.171310  -270.098671
10.0  1.005249  -271.104040  -270.098792
10.5  0.991183  -271.089959  -270.098776
11.0  1.028914  -271.127891  -270.098977
11.5  1.116400  -271.215494  -270.099094
12.0  1.250789  -271.350072  -270.099284
12.5  1.428014  -271.527758  -270.099744
13.0  1.642281  -271.742408  -270.100127
13.5  1.885421  -271.986256  -270.100835
14.0  2.146176  -272.248001  -270.101825
14.5  2.409558  -272.512684  -270.103126
15.0  2.656600  -272.761246  -270.104646
15.5  2.865088  -272.971509  -270.106421
16.0  3.012239  -273.120288  -270.108049
16.5  3.080551  -273.189437  -270.108886
17.0  3.067229  -273.175146  -270.107917
17.5  2.995632  -273.100353  -270.104721
18.0  2.922888  -273.022449  -270.099560
18.5  2.934393  -273.028014  -270.093620
19.0  3.119723  -273.209537  -270.089815
19.5  3.537513  -273.626961  -270.089448
20.0  4.190489  -274.283201  -270.092712
20.5  5.027638  -275.125216  -270.097578
21.0  5.969631  -276.071964  -270.102333
21.5  6.936749  -277.042838  -270.106088
22.0  7.861640  -277.971259  -270.109619
22.5  8.682386  -278.797012  -270.114625
23.0  9.320491  -279.444229  -270.123739
23.5  9.651004  -279.790524  -270.139520
24.0  9.478036  -279.640619  -270.162582
24.5  8.552771  -278.738038  -270.185267
25.0  6.720382  -276.904086  -270.183704
25.5  4.271938  -274.396180  -270.124242
26.0  2.259353  -272.288711  -270.029358
26.5  2.017085  -272.022071  -270.004986
27.0  3.856268  -273.944403  -270.088135
27.5  6.653498  -276.834232  -270.180734
28.0  8.971858  -279.191953  -270.220095
28.5  10.000404  -280.225447  -270.225043
29.0  9.527797  -279.746194  -270.218396
29.5  7.700415  -277.891690  -270.191275
30.0  5.100152  -275.221122  -270.120970
30.5  2.887529  -272.921729  -270.034199
31.0  2.294801  -272.311694  -270.016892
31.5  3.557827  -273.645312  -270.087485
32.0  5.721134  -275.880144  -270.159010
32.5  7.653887  -277.833608  -270.179721
33.0  8.827898  -278.993403  -270.165505
33.5  9.253777  -279.397255  -270.143478
34.0  9.143026  -279.268895  -270.125869
34.5  8.702718  -278.817398  -270.114680
35.0  8.075794  -278.184291  -270.108496
35.5  7.346109  -277.451712  -270.105603
36.0  6.559574  -276.663605  -270.104031
36.5  5.745230  -275.847844  -270.102613
37.0  4.932319  -275.032769  -270.100451
37.5  4.161238  -274.258816  -270.097578
38.0  3.484918  -273.579099  -270.094181
38.5  2.957885  -273.049908  -270.092022
39.0  2.615946  -272.708013  -270.092067
39.5  2.457521  -272.552544  -270.095023
40.0  2.440248  -272.539678  -270.099430
40.5  2.496782  -272.600537  -270.103756
41.0  2.559653  -272.666075  -270.106422
41.5  2.580449  -272.687975  -270.107526
42.0  2.536227  -272.643415  -270.107188
42.5  2.425693  -272.531736  -270.106043
43.0  2.261085  -272.365702  -270.104618
43.5  2.060540  -272.163855  -270.103315
44.0  1.842921  -271.945103  -270.102182
44.5  1.625095  -271.726399  -270.101303
45.0  1.420868  -271.521513  -270.100645
45.5  1.240924  -271.341050  -270.100126
46.0  1.093226  -271.193060  -270.099834
46.5  0.983534  -271.083086  -270.099552
47.0  0.915926  -271.015332  -270.099407
47.5  0.893234  -270.992477  -270.099243
48.0  0.917393  -271.016578  -270.099184
48.5  0.989684  -271.088755  -270.099071
49.0  1.110894  -271.210002  -270.099108
49.5  1.281416  -271.380440  -270.099023
50.0  1.501268  -271.600205  -270.098937
50.5  1.770074  -271.868998  -270.098923
51.0  2.086993  -272.185887  -270.098894
51.5  2.450598  -272.549521  -270.098923
52.0  2.858739  -272.957763  -270.099024
52.5  3.308410  -273.407577  -270.099168
53.0  3.795612  -273.894914  -270.099302
53.5  4.315337  -274.414965  -270.099628
54.0  4.861722  -274.961580  -270.099858
54.5  5.428426  -275.528660  -270.100235
55.0  6.009343  -276.109960  -270.100617
55.5  6.599592  -276.700315  -270.100724
56.0  7.196314  -277.297205  -270.100891
56.5  7.798502  -277.899498  -270.100996
57.0  8.404306  -278.506162  -270.101855
57.5  9.003510  -279.107712  -270.104202
58.0  9.562999  -279.672796  -270.109796
58.5  10.004728  -280.125610  -270.120882
59.0  10.180449  -280.319561  -270.139112
59.5  9.860767  -280.023578  -270.162811
60.0  8.785477  -278.966623  -270.181147
60.5  6.853650  -277.022508  -270.168858
61.0  4.454777  -274.562235  -270.107458
61.5  2.580420  -272.620931  -270.040511
62.0  2.140479  -272.194198  -270.053718
62.5  2.958125  -273.092940  -270.134816
63.0  3.941176  -274.127831  -270.186655
63.5  4.320208  -274.483316  -270.163108
64.0  4.326592  -274.430003  -270.103411
64.5  4.724214  -274.797560  -270.073346
65.0  5.904814  -276.002448  -270.097634
65.5  7.539564  -277.677595  -270.138032
66.0  9.012658  -279.169631  -270.156973
66.5  9.935291  -280.087872  -270.152581
67.0  10.250996  -280.389209  -270.138213
67.5  10.087059  -280.210863  -270.123804
68.0  9.609495  -279.722486  -270.112990
68.5  8.956392  -279.062241  -270.105849
69.0  8.223984  -278.325534  -270.101550
69.5  7.473266  -277.572208  -270.098942
70.0  6.740497  -276.838100  -270.097603
70.5  6.046005  -276.143031  -270.097027
71.0  5.400366  -275.497133  -270.096768
71.5  4.808404  -274.905298  -270.096894
72.0  4.271665  -274.368666  -270.097001
72.5  3.789891  -273.887074  -270.097183
73.0  3.361838  -273.459296  -270.097458
73.5  2.985717  -273.083452  -270.097735
74.0  2.659424  -272.757289  -270.097865
74.5  2.380642  -272.478755  -270.098114
75.0  2.146823  -272.245274  -270.098451
75.5  1.955074  -272.053762  -270.098688
76.0  1.802001  -271.900927  -270.098926
76.5  1.683536  -271.782893  -270.099357
77.0  1.594758  -271.694569  -270.099811
77.5  1.529747  -271.629958  -270.100211
78.0  1.481476  -271.582287  -270.100811
78.5  1.441901  -271.543324  -270.101423
79.0  1.402336  -271.504410  -270.102074
79.5  1.354291  -271.456917  -270.102626
80.0  1.290822  -271.393780  -270.102958
80.5  1.208353  -271.311323  -270.102971
81.0  1.108602  -271.211116  -270.102514
81.5  0.999774  -271.101458  -270.101684
82.0  0.895978  -270.996750  -270.100771
82.5  0.814218  -270.913982  -270.099764
83.0  0.769455  -270.868682  -270.099227
83.5  0.769478  -270.868855  -270.099377
84.0  0.811928  -270.912111  -270.100183
84.5  0.885091  -270.986334  -270.101243
85.0  0.972007  -271.074267  -270.102260
85.5  1.055813  -271.158801  -270.102988
86.0  1.124050  -271.227292  -270.103242
86.5  1.170656  -271.273790  -270.103135
87.0  1.195760  -271.298447  -270.102688
87.5  1.204123  -271.306262  -270.102140
88.0  1.203159  -271.304707  -270.101548
88.5  1.201234  -271.302255  -270.101021
89.0  1.206457  -271.306963  -270.100506
89.5  1.226006  -271.326135  -270.100129
90.0  1.265847  -271.365624  -270.099776
90.5  1.330693  -271.430292  -270.099600
91.0  1.424093  -271.523473  -270.099380
91.5  1.548598  -271.647860  -270.099262
92.0  1.705924  -271.805117  -270.099193
92.5  1.897127  -271.996156  -270.099029
93.0  2.122765  -272.221650  -270.098885
93.5  2.383068  -272.481949  -270.098882
94.0  2.678122  -272.776921  -270.098799
94.5  3.008082  -273.106796  -270.098713
95.0  3.373419  -273.471833  -270.098414
95.5  3.775223  -273.873470  -270.098247
96.0  4.215459  -274.313406  -270.097947
96.5  4.697089  -274.794641  -270.097552
97.0  5.224012  -275.321294  -270.097283
97.5  5.800543  -275.897375  -270.096832
98.0  6.430137  -276.526833  -270.096696
98.5  7.112900  -277.210022  -270.097121
99.0  7.841310  -277.939931  -270.098621
99.5  8.593419  -278.695373  -270.101954
100.0  9.322642  -279.430625  -270.107983
100.5  9.943414  -280.061990  -270.118576
101.0  10.314559  -280.449476  -270.134917
101.5  10.231473  -280.387583  -270.156110
102.0  9.461588  -279.635656  -270.174068
102.5  7.888641  -278.056736  -270.168095
103.0  5.790458  -275.910143  -270.119685
103.5  4.000205  -274.055092  -270.054887
104.0  3.424937  -273.477332  -270.052395
104.5  4.077069  -274.206612  -270.129544
105.0  4.907812  -275.114114  -270.206302
105.5  4.856105  -275.066114  -270.210010
106.0  3.890973  -274.025516  -270.134543
106.5  3.077294  -273.126352  -270.049058
107.0  3.566189  -273.612517  -270.046327
107.5  5.411729  -275.527939  -270.116210
108.0  7.650737  -277.821953  -270.171216
108.5  9.358092  -279.536606  -270.178514
109.0  10.214199  -280.373545  -270.159346
109.5  10.339546  -280.476018  -270.136472
110.0  9.985595  -280.104482  -270.118887
110.5  9.373190  -279.480892  -270.107703
111.0  8.652999  -278.754410  -270.101411
111.5  7.914196  -278.012316  -270.098121
112.0  7.202968  -277.299802  -270.096834
112.5  6.538636  -276.635308  -270.096672
113.0  5.925405  -276.022310  -270.096905
113.5  5.360257  -275.457576  -270.097320
114.0  4.837823  -274.935611  -270.097788
114.5  4.353068  -274.451171  -270.098103
115.0  3.902414  -274.000719  -270.098304
115.5  3.483941  -273.582464  -270.098524
116.0  3.097152  -273.195793  -270.098641
116.5  2.742560  -272.841195  -270.098635
117.0  2.421256  -272.519900  -270.098644
117.5  2.134525  -272.233167  -270.098642
118.0  1.883572  -271.982239  -270.098666
118.5  1.669329  -271.767996  -270.098667
119.0  1.492293  -271.591046  -270.098753
119.5  1.352422  -271.451218  -270.098796
120.0  1.249009  -271.347942  -270.098932
120.5  1.180551  -271.279710  -270.099159
121.0  1.144568  -271.243929  -270.099361
121.5  1.137391  -271.237146  -270.099755
122.0  1.153932  -271.254137  -270.100205
122.5  1.187460  -271.288220  -270.100760
123.0  1.229478  -271.330870  -270.101392
123.5  1.269819  -271.372016  -270.102197
124.0  1.297224  -271.400220  -270.102996
124.5  1.300640  -271.404310  -270.103670
125.0  1.271435  -271.375455  -270.104020
125.5  1.206496  -271.310381  -270.103885
126.0  1.111423  -271.214401  -270.102978
126.5  1.002374  -271.103964  -270.101589
127.0  0.904522  -271.004307  -270.099785
127.5  0.846084  -270.944351  -270.098267
128.0  0.849284  -270.946976  -270.097693
128.5  0.922077  -271.020343  -270.098266
129.0  1.055285  -271.155114  -270.099829
129.5  1.226876  -271.328176  -270.101299
130.0  1.410829  -271.513394  -270.102565
130.5  1.585755  -271.688803  -270.103048
131.0  1.739788  -271.842757  -270.102970
131.5  1.871130  -271.973468  -270.102338
132.0  1.985729  -272.087233  -270.101504
132.5  2.094002  -272.194566  -270.100563
133.0  2.208105  -272.307765  -270.099661
133.5  2.340115  -272.439049  -270.098934
134.0  2.501059  -272.599251  -270.098192
134.5  2.700539  -272.798130  -270.097590
135.0  2.946720  -273.043786  -270.097067
135.5  3.246402  -273.343021  -270.096619
136.0  3.605028  -273.701406  -270.096379
136.5  4.026529  -274.122648  -270.096119
137.0  4.513027  -274.609150  -270.096123
137.5  5.064205  -275.160416  -270.096212
138.0  5.676139  -275.773166  -270.097027
138.5  6.339399  -276.437503  -270.098105
139.0  7.036100  -277.136262  -270.100162
139.5  7.735620  -277.839440  -270.103820
140.0  8.388984  -278.498279  -270.109295
140.5  8.922994  -279.040158  -270.117164
141.0  9.238426  -279.365503  -270.127077
141.5  9.223049  -279.359429  -270.136380
142.0  8.797405  -278.936338  -270.138933
142.5  8.004473  -278.131299  -270.126826
143.0  7.099587  -277.199911  -270.100325
143.5  6.500608  -276.580921  -270.080313
144.0  6.484841  -276.580679  -270.095838
144.5  6.827801  -276.976984  -270.149183
145.0  6.805740  -277.013454  -270.207715
145.5  5.691566  -275.913858  -270.222293
146.0  3.498248  -273.647480  -270.149231
146.5  1.458851  -271.483568  -270.024717
147.0  1.279213  -271.277539  -269.998326
147.5  3.307067  -273.410707  -270.103640
148.0  6.150623  -276.347051  -270.196428
148.5  8.320534  -278.529613  -270.209078
149.0  9.323260  -279.500291  -270.177031
149.5  9.410195  -279.549807  -270.139612
150.0  9.034590  -279.147205  -270.112615
150.5  8.558578  -278.658135  -270.099556
151.0  8.167956  -278.265678  -270.097722
151.5  7.891994  -277.993349  -270.101355
152.0  7.671199  -277.777054  -270.105855
152.5  7.428071  -277.536671  -270.108600
153.0  7.110259  -277.219179  -270.108921
153.5  6.701231  -276.808661  -270.107431
154.0  6.211526  -276.316944  -270.105417
154.5  5.665389  -275.768571  -270.103182
155.0  5.090362  -275.191889  -270.101527
155.5  4.511446  -274.611534  -270.100087
156.0  3.948813  -274.048047  -270.099234
156.5  3.417532  -273.516117  -270.098585
157.0  2.928226  -273.026360  -270.098134
157.5  2.488022  -272.586050  -270.098028
158.0  2.101456  -272.199310  -270.097855
158.5  1.771230  -271.869076  -270.097845
159.0  1.498824  -271.596742  -270.097919
159.5  1.284933  -271.382877  -270.097943
160.0  1.129799  -271.227911  -270.098112
160.5  1.033424  -271.131498  -270.098074
161.0  0.995723  -271.093879  -270.098156
161.5  1.016598  -271.114727  -270.098129
162.0  1.095963  -271.194115  -270.098152
162.5  1.233707  -271.331815  -270.098108
163.0  1.429609  -271.527607  -270.097998
163.5  1.683171  -271.781172  -270.098001
164.0  1.993383  -272.091559  -270.098176
164.5  2.358379  -272.456516  -270.098137
165.0  2.774956  -272.873426  -270.098469
165.5  3.237958  -273.336809  -270.098851
166.0  3.739490  -273.838920  -270.099430
166.5  4.268009  -274.368613  -270.100604
167.0  4.807483  -274.909386  -270.101903
167.5  5.336931  -275.440683  -270.103752
168.0  5.831169  -275.937004  -270.105835
168.5  6.263914  -276.371649  -270.107735
169.0  6.614950  -276.723654  -270.108704
169.5  6.881863  -276.989409  -270.107546
170.0  7.093910  -277.197819  -270.103909
170.5  7.318897  -277.417117  -270.098221
171.0  7.648333  -277.741967  -270.093634
171.5  8.151213  -278.246083  -270.094871
172.0  8.806643  -278.913260  -270.106617
172.5  9.446397  -279.576855  -270.130457
173.0  9.736662  -279.902415  -270.165753
173.5  9.222816  -279.426807  -270.203991
174.0  7.511082  -277.728357  -270.217275
174.5  4.719907  -274.876329  -270.156422
175.0  2.013392  -272.044047  -270.030654
175.5  1.162668  -271.148269  -269.985601
176.0  2.718606  -272.813052  -270.094446
176.5  5.249977  -275.461417  -270.211439
177.0  6.986594  -277.223432  -270.236838
177.5  7.304172  -277.496673  -270.192500
178.0  6.687404  -276.811713  -270.124309
178.5  6.061303  -276.136761  -270.075458
179.0  6.109886  -276.184022  -270.074136
179.5  6.876725  -276.981737  -270.105012
180.0  7.914558  -278.048727  -270.134169
180.5  8.746074  -278.889084  -270.143010
181.0  9.142435  -279.279370  -270.136936
181.5  9.106107  -279.231759  -270.125652
182.0  8.746392  -278.861410  -270.115018
182.5  8.187102  -278.294292  -270.107190
183.0  7.528372  -277.630266  -270.101894
183.5  6.840028  -276.938730  -270.098702
184.0  6.166667  -276.263553  -270.096887
184.5  5.534778  -275.630752  -270.095974
185.0  4.958682  -275.054309  -270.095627
185.5  4.444758  -274.540273  -270.095514
186.0  3.994222  -274.089997  -270.095775
186.5  3.604868  -273.701015  -270.096147
187.0  3.272093  -273.368625  -270.096532
187.5  2.989454  -273.086627  -270.097174
188.0  2.749090  -272.846925  -270.097835
188.5  2.542054  -272.640608  -270.098554
189.0  2.358578  -272.457842  -270.099264
189.5  2.188600  -272.288629  -270.100028
190.0  2.022723  -272.123432  -270.100709
190.5  1.853666  -271.954765  -270.101098
191.0  1.678178  -271.779265  -270.101087
191.5  1.498846  -271.599525  -270.100679
192.0  1.324842  -271.424659  -270.099817
192.5  1.170633  -271.269605  -270.098972
193.0  1.052101  -271.150198  -270.098097
193.5  0.981047  -271.079050  -270.098003
194.0  0.960328  -271.058907  -270.098579
194.5  0.982151  -271.081762  -270.099611
195.0  1.030410  -271.131200  -270.100790
195.5  1.085811  -271.187643  -270.101832
196.0  1.131311  -271.233789  -270.102478
196.5  1.155736  -271.258347  -270.102611
197.0  1.154842  -271.257243  -270.102401
197.5  1.130402  -271.232333  -270.101931
198.0  1.088281  -271.189654  -270.101373
198.5  1.036402  -271.137227  -270.100825
199.0  0.983150  -271.083437  -270.100287
199.5  0.936324  -271.036255  -270.099932
200.0  0.902558  -271.002168  -270.099610
200.5  0.887091  -270.986478  -270.099387
201.0  0.893750  -270.992932  -270.099182
201.5  0.925019  -271.024163  -270.099144
202.0  0.982141  -271.081216  -270.099075
202.5  1.065223  -271.164313  -270.099090
203.0  1.173319  -271.272530  -270.099211
203.5  1.304501  -271.403854  -270.099353
204.0  1.455957  -271.555473  -270.099516
204.5  1.624132  -271.723924  -270.099792
205.0  1.804974  -271.904939  -270.099966
205.5  1.994307  -272.094438  -270.100131
206.0  2.188455  -272.288708  -270.100253
206.5  2.385100  -272.485334  -270.100234
207.0  2.584324  -272.684376  -270.100053
207.5  2.789711  -272.889167  -270.099455
208.0  3.009195  -273.107908  -270.098714
208.5  3.255240  -273.352804  -270.097564
209.0  3.543973  -273.640336  -270.096363
209.5  3.893203  -273.988457  -270.095254
210.0  4.319473  -274.413743  -270.094270
210.5  4.834816  -274.928641  -270.093825
211.0  5.444009  -275.538050  -270.094041
211.5  6.142747  -276.237648  -270.094901
212.0  6.916274  -277.012864  -270.096590
212.5  7.737084  -277.836754  -270.099670
213.0  8.559628  -278.664477  -270.104850
213.5  9.309872  -279.423461  -270.113589
214.0  9.868536  -279.996291  -270.127754
214.5  10.052445  -280.201114  -270.148670
215.0  9.616343  -279.789096  -270.172754
215.5  8.337371  -278.521289  -270.183918
216.0  6.271388  -276.423800  -270.152413
216.5  4.108708  -274.178920  -270.070213
217.0  3.081195  -273.094251  -270.013056
217.5  3.930259  -273.993080  -270.062821
218.0  5.977375  -276.146904  -270.169529
218.5  7.695261  -277.936911  -270.241650
219.0  7.928189  -278.183685  -270.255496
219.5  6.467389  -276.674235  -270.206846
220.0  4.162391  -274.260043  -270.097652
220.5  2.646793  -272.653634  -270.006841
221.0  3.149293  -273.184979  -270.035686
221.5  5.314372  -275.448616  -270.134244
222.0  7.757561  -277.947332  -270.189771
222.5  9.455826  -279.642806  -270.186980
223.0  10.180176  -280.341265  -270.161089
223.5  10.136799  -280.272841  -270.136043
224.0  9.611699  -279.730017  -270.118318
224.5  8.832950  -278.939909  -270.106958
225.0  7.955785  -278.055917  -270.100132
225.5  7.081327  -277.176920  -270.095593
226.0  6.274228  -276.367561  -270.093333
226.5  5.572269  -275.664683  -270.092414
227.0  4.990490  -275.083341  -270.092851
227.5  4.524196  -274.618366  -270.094170
228.0  4.153740  -274.249861  -270.096121
228.5  3.851431  -273.949480  -270.098049
229.0  3.588965  -273.688424  -270.099459
229.5  3.343128  -273.443552  -270.100423
230.0  3.098681  -273.199569  -270.100888
230.5  2.848510  -272.949420  -270.100910
231.0  2.592024  -272.692676  -270.100652
231.5  2.332974  -272.433244  -270.100270
232.0  2.077424  -272.177316  -270.099892
232.5  1.832213  -271.931744  -270.099531
233.0  1.603914  -271.703187  -270.099272
233.5  1.398301  -271.497242  -270.098941
234.0  1.220123  -271.318890  -270.098767
234.5  1.073032  -271.171633  -270.098601
235.0  0.959617  -271.058190  -270.098573
235.5  0.881465  -270.980079  -270.098614
236.0  0.839181  -270.937802  -270.098621
236.5  0.832392  -270.931147  -270.098754
237.0  0.859665  -270.958528  -270.098864
237.5  0.918361  -271.017435  -270.099074
238.0  1.004431  -271.103885  -270.099454
238.5  1.112162  -271.212085  -270.099923
239.0  1.233930  -271.334505  -270.100574
239.5  1.360078  -271.461364  -270.101286
240.0  1.479055  -271.581229  -270.102173
240.5  1.578135  -271.681209  -270.103074
241.0  1.645054  -271.748851  -270.103797
241.5  1.670775  -271.774866  -270.104091
242.0  1.653373  -271.757116  -270.103744
242.5  1.602124  -271.704633  -270.102510
243.0  1.539759  -271.640236  -270.100477
243.5  1.500358  -271.598305  -270.097947
244.0  1.521485  -271.617639  -270.096154
244.5  1.632445  -271.727720  -270.095275
245.0  1.844344  -271.940270  -270.095926
245.5  2.147705  -272.245060  -270.097356
246.0  2.518915  -272.617692  -270.098777
246.5  2.931119  -273.030990  -270.099871
247.0  3.363498  -273.463655  -270.100158
247.5  3.805601  -273.905536  -270.099935
248.0  4.256840  -274.356011  -270.099172
248.5  4.723215  -274.821542  -270.098326
249.0  5.213182  -275.310865  -270.097683
249.5  5.733663  -275.831103  -270.097440
250.0  6.286076  -276.384274  -270.098198
250.5  6.861679  -276.961612  -270.099932
251.0  7.435395  -277.539066  -270.103671
251.5  7.957358  -278.067517  -270.110160
252.0  8.342371  -278.462820  -270.120449
252.5  8.461892  -278.596714  -270.134822
253.0  8.154226  -278.304114  -270.149887
253.5  7.287972  -277.443412  -270.155441
254.0  5.918301  -276.053151  -270.134849
254.5  4.485108  -274.569592  -270.084484
255.0  3.777999  -273.818353  -270.040354
255.5  4.404228  -274.457499  -270.053271
256.0  6.176191  -276.291379  -270.115189
256.5  8.201826  -278.378517  -270.176692
257.0  9.511052  -279.727953  -270.216901
257.5  9.446170  -279.686386  -270.240216
258.0  7.745970  -277.978863  -270.232893
258.5  4.794036  -274.947883  -270.153847
259.0  2.004816  -272.024160  -270.019344
259.5  1.267170  -271.245381  -269.978212
260.0  3.121198  -273.206339  -270.085141
260.5  6.163542  -276.355193  -270.191651
261.0  8.708790  -278.923933  -270.215143
261.5  10.058685  -280.249295  -270.190610
262.0  10.302611  -280.462399  -270.159788
262.5  9.769402  -279.905712  -270.136310
263.0  8.769453  -278.888350  -270.118897
263.5  7.560646  -277.664857  -270.104212
264.0  6.372859  -276.463924  -270.091064
264.5  5.405836  -275.488620  -270.082785
265.0  4.786518  -274.868987  -270.082470
265.5  4.524960  -274.614414  -270.089454
266.0  4.519808  -274.618899  -270.099091
266.5  4.618687  -274.726053  -270.107366
267.0  4.688829  -274.799958  -270.111129
267.5  4.654690  -274.765798  -270.111108
268.0  4.496820  -274.605806  -270.108985
268.5  4.231892  -274.338130  -270.106238
269.0  3.892099  -273.995664  -270.103565
269.5  3.511646  -273.612999  -270.101353
270.0  3.120238  -273.219974  -270.099736
270.5  2.741074  -272.839824  -270.098751
271.0  2.391129  -272.489084  -270.097955
271.5  2.082277  -272.179720  -270.097443
272.0  1.822545  -271.919766  -270.097220
272.5  1.617205  -271.714184  -270.096979
273.0  1.469631  -271.566423  -270.096792
273.5  1.381933  -271.478805  -270.096872
274.0  1.355391  -271.452218  -270.096826
274.5  1.390720  -271.487484  -270.096765
275.0  1.488198  -271.584888  -270.096689
275.5  1.647678  -271.744480  -270.096802
276.0  1.868455  -271.965278  -270.096822
276.5  2.149013  -272.245977  -270.096964
277.0  2.486585  -272.583753  -270.097168
277.5  2.876529  -272.974103  -270.097574
278.0  3.311447  -273.409780  -270.098333
278.5  3.780060  -273.879387  -270.099326
279.0  4.265884  -274.366850  -270.100966
279.5  4.745965  -274.849154  -270.103189
280.0  5.190389  -275.296181  -270.105793
280.5  5.563891  -275.672586  -270.108695
281.0  5.832015  -275.943116  -270.111100
281.5  5.974622  -276.085989  -270.111367
282.0  6.007194  -276.115190  -270.107996
282.5  6.002487  -276.102392  -270.099905
283.0  6.093279  -276.183159  -270.089880
283.5  6.432485  -276.516159  -270.083675
284.0  7.111871  -277.198611  -270.086740
284.5  8.083750  -278.184917  -270.101167
285.0  9.136870  -279.261383  -270.124512
285.5  9.925863  -280.081762  -270.155899
286.0  10.014464  -280.208061  -270.193597
286.5  8.950104  -279.175382  -270.225278
287.0  6.524693  -276.733537  -270.208845
287.5  3.354704  -273.455608  -270.100904
288.0  1.193507  -271.170344  -269.976837
288.5  1.665942  -271.677040  -270.011098
289.0  4.330329  -274.487406  -270.157077
289.5  7.164741  -277.408291  -270.243549
290.0  8.648535  -278.891606  -270.243071
290.5  8.505836  -278.704583  -270.198748
291.0  7.287298  -277.423359  -270.136061
291.5  5.910761  -275.987631  -270.076869
292.0  5.230173  -275.285422  -270.055249
292.5  5.559514  -275.640132  -270.080618
293.0  6.552639  -276.673363  -270.120723
293.5  7.606030  -277.748346  -270.142315
294.0  8.306095  -278.448800  -270.142705
294.5  8.541465  -278.673745  -270.132281
295.0  8.386702  -278.506900  -270.120198
295.5  7.971777  -278.082425  -270.110649
296.0  7.414284  -277.518239  -270.103955
296.5  6.800049  -276.899945  -270.099896
297.0  6.184891  -276.282373  -270.097482
297.5  5.602048  -275.698208  -270.096160
298.0  5.069146  -275.164955  -270.095809
298.5  4.593354  -274.689179  -270.095826
299.0  4.174831  -274.270901  -270.096070
299.5  3.808909  -273.905622  -270.096713
300.0  3.487464  -273.584992  -270.097527
300.5  3.199924  -273.298377  -270.098453
301.0  2.934394  -273.033739  -270.099345
301.5  2.679048  -272.779279  -270.100231
302.0  2.424035  -272.524920  -270.100885
302.5  2.164077  -272.265095  -270.101019
303.0  1.901264  -272.001727  -270.100463
303.5  1.646941  -271.746397  -270.099456
304.0  1.420708  -271.518746  -270.098039
304.5  1.245322  -271.342381  -270.097059
305.0  1.138371  -271.235115  -270.096744
305.5  1.104350  -271.201798  -270.097448
306.0  1.131570  -271.230758  -270.099188
306.5  1.195802  -271.296655  -270.100853
307.0  1.268546  -271.370895  -270.102349
307.5  1.325417  -271.428614  -270.103198
308.0  1.351341  -271.454693  -270.103352
308.5  1.341465  -271.444476  -270.103011
309.0  1.299144  -271.401454  -270.102310
309.5  1.232843  -271.334428  -270.101585
310.0  1.153230  -271.254028  -270.100798
310.5  1.071104  -271.171316  -270.100212
311.0  0.996160  -271.095858  -270.099698
311.5  0.936455  -271.035775  -270.099320
312.0  0.898288  -270.997361  -270.099073
312.5  0.886275  -270.985107  -270.098831
313.0  0.903540  -271.002229  -270.098690
313.5  0.951892  -271.050662  -270.098770
314.0  1.031979  -271.130722  -270.098743
314.5  1.143395  -271.242156  -270.098761
315.0  1.284737  -271.383577  -270.098840
315.5  1.453636  -271.552644  -270.099008
316.0  1.646806  -271.746002  -270.099196
316.5  1.860128  -271.959507  -270.099379
317.0  2.088830  -272.188612  -270.099782
317.5  2.327883  -272.427929  -270.100046
318.0  2.572667  -272.672758  -270.100092
318.5  2.819945  -272.920063  -270.100118
319.0  3.069198  -273.169189  -270.099991
319.5  3.324112  -273.423446  -270.099334
320.0  3.593848  -273.692129  -270.098280
320.5  3.893532  -273.990504  -270.096972
321.0  4.243255  -274.338736  -270.095481
321.5  4.665134  -274.759268  -270.094134
322.0  5.178775  -275.271962  -270.093187
322.5  5.796052  -275.889228  -270.093176
323.0  6.516342  -276.610517  -270.094175
323.5  7.322647  -277.419313  -270.096666
324.0  8.177632  -278.278535  -270.100903
324.5  9.017005  -279.125193  -270.108188
325.0  9.737134  -279.857279  -270.120144
325.5  10.176239  -280.315037  -270.138798
326.0  10.099573  -280.263598  -270.164025
326.5  9.230370  -279.417338  -270.186967
327.0  7.419399  -277.600486  -270.181087
327.5  5.015664  -275.132218  -270.116554
328.0  3.126853  -273.152499  -270.025646
328.5  2.994486  -273.014833  -270.020347
329.0  4.660933  -274.781416  -270.120484
329.5  6.756588  -276.976170  -270.219582
330.0  7.768495  -278.025135  -270.256640
330.5  7.066173  -277.294610  -270.228436
331.0  5.123266  -275.260806  -270.137540
331.5  3.332693  -273.366627  -270.033934
332.0  3.135932  -273.155179  -270.019247
332.5  4.744422  -274.844290  -270.099868
333.0  7.073206  -277.244421  -270.171215
333.5  8.965117  -279.150469  -270.185352
334.0  9.962755  -280.128626  -270.165871
334.5  10.153603  -280.294531  -270.140928
335.0  9.798317  -279.919953  -270.121637
335.5  9.134007  -279.243151  -270.109144
336.0  8.327533  -278.428904  -270.101371
336.5  7.485669  -277.582717  -270.097049
337.0  6.674394  -276.768748  -270.094353
337.5  5.933032  -276.026209  -270.093177
338.0  5.282329  -275.375070  -270.092741
338.5  4.728729  -274.821955  -270.093226
339.0  4.267287  -274.361398  -270.094111
339.5  3.884761  -273.980175  -270.095415
340.0  3.563317  -273.660093  -270.096776
340.5  3.284411  -273.382141  -270.097729
341.0  3.031920  -273.130492  -270.098572
341.5  2.793963  -272.893030  -270.099067
342.0  2.563467  -272.662695  -270.099227
342.5  2.337683  -272.436921  -270.099237
343.0  2.117160  -272.216206  -270.099046
343.5  1.904602  -272.003469  -270.098867
344.0  1.703841  -271.802596  -270.098755
344.5  1.519015  -271.617442  -270.098426
345.0  1.354032  -271.452332  -270.098300
345.5  1.212236  -271.310464  -270.098228
346.0  1.096200  -271.194414  -270.098214
346.5  1.007613  -271.105822  -270.098210
347.0  0.947198  -271.045381  -270.098184
347.5  0.914643  -271.012915  -270.098272
348.0  0.908501  -271.006929  -270.098427
348.5  0.926066  -271.024810  -270.098744
349.0  0.963240  -271.062282  -270.099042
349.5  1.014429  -271.113932  -270.099503
350.0  1.072516  -271.172597  -270.100081
350.5  1.129063  -271.229716  -270.100653
351.0  1.174876  -271.276174  -270.101297
351.5  1.201096  -271.302905  -270.101810
352.0  1.200956  -271.303013  -270.102057
352.5  1.172127  -271.274073  -270.101947
353.0  1.118964  -271.220151  -270.101187
353.5  1.053787  -271.153844  -270.100057
354.0  0.995849  -271.094493  -270.098644
354.5  0.967182  -271.064642  -270.097459
355.0  0.986269  -271.083167  -270.096898
355.5  1.061939  -271.159091  -270.097153
356.0  1.190615  -271.288703  -270.098088
356.5  1.358434  -271.457543  -270.099109
357.0  1.547034  -271.647143  -270.100109
357.5  1.739948  -271.840557  -270.100610
358.0  1.927008  -272.027542  -270.100533
358.5  2.105600  -272.205676  -270.100075
359.0  2.279531  -272.378908  -270.099377
359.5  2.456927  -272.555450  -270.098523
360.0  2.648052  -272.745777  -270.097725
360.5  2.863691  -272.960694  -270.097002
361.0  3.114157  -273.210531  -270.096374
361.5  3.408753  -273.504545  -270.095792
362.0  3.755423  -273.850686  -270.095263
362.5  4.160362  -274.255240  -270.094878
363.0  4.627567  -274.722392  -270.094825
363.5  5.158095  -275.253116  -270.095021
364.0  5.748768  -275.844398  -270.095630
364.5  6.390013  -276.486924  -270.096911
365.0  7.062497  -277.161859  -270.099362
365.5  7.732173  -277.835522  -270.103349
366.0  8.343710  -278.453532  -270.109822
366.5  8.813891  -278.932822  -270.118931
367.0  9.030612  -279.160724  -270.130112
367.5  8.871873  -279.011694  -270.139822
368.0  8.267762  -278.407568  -270.139807
368.5  7.315339  -277.435712  -270.120373
369.0  6.375964  -276.462233  -270.086269
369.5  5.966956  -276.033624  -270.066668
370.0  6.357050  -276.447450  -270.090400
370.5  7.194721  -277.347380  -270.152659
371.0  7.616404  -277.832641  -270.216236
371.5  6.783029  -277.024132  -270.241103
372.0  4.546671  -274.729667  -270.182997
372.5  2.007107  -272.053883  -270.046776
373.0  1.106870  -271.084265  -269.977395
373.5  2.741621  -272.812159  -270.070538
374.0  5.716821  -275.904816  -270.187996
374.5  8.254404  -278.474992  -270.220588
375.0  9.542858  -279.736533  -270.193675
375.5  9.703113  -279.856768  -270.153655
376.0  9.195785  -279.316449  -270.120664
376.5  8.464692  -278.564318  -270.099626
377.0  7.810248  -277.901026  -270.090778
377.5  7.360866  -277.453085  -270.092219
378.0  7.099961  -277.198270  -270.098309
378.5  6.932657  -277.037071  -270.104413
379.0  6.757014  -276.864966  -270.107952
379.5  6.506816  -276.615249  -270.108433
380.0  6.159728  -276.266597  -270.106869
380.5  5.725268  -275.829926  -270.104659
381.0  5.228698  -275.331189  -270.102492
381.5  4.699115  -274.799680  -270.100565
382.0  4.162893  -274.261922  -270.099029
382.5  3.641211  -273.739412  -270.098200
383.0  3.149835  -273.247340  -270.097505
383.5  2.699857  -272.796876  -270.097019
384.0  2.298723  -272.395552  -270.096829
384.5  1.951200  -272.047988  -270.096788
385.0  1.660181  -271.756809  -270.096628
385.5  1.427306  -271.524094  -270.096788
386.0  1.253423  -271.350247  -270.096824
386.5  1.138907  -271.235788  -270.096881
387.0  1.083874  -271.180726  -270.096851
387.5  1.088311  -271.185076  -270.096765
388.0  1.152126  -271.248915  -270.096789
388.5  1.275129  -271.371937  -270.096808
389.0  1.456942  -271.553679  -270.096737
389.5  1.696831  -271.793605  -270.096774
390.0  1.993440  -272.090354  -270.096914
390.5  2.344397  -272.441521  -270.097123
391.0  2.745784  -272.843033  -270.097248
391.5  3.191418  -273.289337  -270.097919
392.0  3.671970  -273.770735  -270.098765
392.5  4.173962  -274.273970  -270.100007
393.0  4.678868  -274.780441  -270.101573
393.5  5.162813  -275.266517  -270.103704
394.0  5.597844  -275.703831  -270.105986
394.5  5.956421  -276.064374  -270.107953
395.0  6.220846  -276.329226  -270.108380
395.5  6.398031  -276.504201  -270.106170
396.0  6.535284  -276.636270  -270.100986
396.5  6.724627  -276.818269  -270.093642
397.0  7.079121  -277.167444  -270.088323
397.5  7.675937  -277.766045  -270.090108
398.0  8.487727  -278.589647  -270.101920
398.5  9.339122  -279.463927  -270.124805
399.0  9.904723  -280.062308  -270.157586
399.5  9.743479  -279.940069  -270.196591
400.0  8.412518  -278.635273  -270.222755
400.5  5.812063  -276.001008  -270.188945
401.0  2.783708  -272.852381  -270.068673
401.5  1.149229  -271.122014  -269.972785
402.0  2.125955  -272.171037  -270.045083
402.5  4.785646  -274.970440  -270.184794
403.0  7.125377  -277.372121  -270.246744
403.5  7.982238  -278.208296  -270.226058
404.0  7.441325  -277.606288  -270.164963
404.5  6.327709  -276.424667  -270.096957
405.0  5.608087  -275.667714  -270.059627
405.5  5.807560  -275.881061  -270.073502
406.0  6.744699  -276.857519  -270.112820
406.5  7.844939  -277.984676  -270.139737
407.0  8.638076  -278.781635  -270.143559
407.5  8.956391  -279.090725  -270.134334
408.0  8.849756  -278.971798  -270.122042
408.5  8.446913  -278.558548  -270.111635
409.0  7.873247  -277.977484  -270.104237
409.5  7.223400  -277.322991  -270.099591
410.0  6.560444  -276.657139  -270.096696
410.5  5.922992  -276.018263  -270.095271
411.0  5.332697  -275.427203  -270.094506
411.5  4.799980  -274.894393  -270.094412
412.0  4.327939  -274.422469  -270.094530
412.5  3.914858  -274.009737  -270.094880
413.0  3.555749  -273.651288  -270.095539
413.5  3.243317  -273.339450  -270.096133
414.0  2.968700  -273.065620  -270.096920
414.5  2.722233  -272.819875  -270.097642
415.0  2.494236  -272.592586  -270.098350
415.5  2.276089  -272.374982  -270.098894
416.0  2.061727  -272.160948  -270.099221
416.5  1.849384  -271.948543  -270.099159
417.0  1.642929  -271.741642  -270.098713
417.5  1.451975  -271.549895  -270.097920
418.0  1.289879  -271.387031  -270.097152
418.5  1.169577  -271.266233  -270.096656
419.0  1.098604  -271.195508  -270.096903
419.5  1.075492  -271.172993  -270.097502
420.0  1.089475  -271.188124  -270.098649
420.5  1.123621  -271.223471  -270.099850
421.0  1.159844  -271.260536  -270.100692
421.5  1.183473  -271.284633  -270.101161
422.0  1.185821  -271.287040  -270.101219
422.5  1.164566  -271.265502  -270.100936
423.0  1.122557  -271.223051  -270.100494
423.5  1.065955  -271.165913  -270.099957
424.0  1.002430  -271.101882  -270.099452
424.5  0.939814  -271.038831  -270.099017
425.0  0.885233  -270.983844  -270.098611
425.5  0.844641  -270.943012  -270.098370
426.0  0.822639  -270.920779  -270.098141
426.5  0.822453  -270.920582  -270.098129
427.0  0.845996  -270.943958  -270.097961
427.5  0.893939  -270.991925  -270.097986
428.0  0.965777  -271.063824  -270.098048
428.5  1.059880  -271.158105  -270.098226
429.0  1.173542  -271.271991  -270.098448
429.5  1.303067  -271.401810  -270.098743
430.0  1.443914  -271.542921  -270.099007
430.5  1.590989  -271.690227  -270.099238
431.0  1.739136  -271.838711  -270.099575
431.5  1.883908  -271.983636  -270.099728
432.0  2.022606  -272.122306  -270.099699
432.5  2.155532  -272.254996  -270.099464
433.0  2.287179  -272.386072  -270.098893
433.5  2.426920  -272.524866  -270.097947
434.0  2.588778  -272.685581  -270.096802
434.5  2.789920  -272.885564  -270.095644
435.0  3.047944  -273.142629  -270.094685
435.5  3.377728  -273.471634  -270.093906
436.0  3.788891  -273.882552  -270.093661
436.5  4.284666  -274.378203  -270.093538
437.0  4.862189  -274.956151  -270.093963
437.5  5.513570  -275.608171  -270.094601
438.0  6.226742  -276.322316  -270.095574
438.5  6.984661  -277.081964  -270.097303
439.0  7.761673  -277.861759  -270.100086
439.5  8.515889  -278.621025  -270.105136
440.0  9.176537  -279.290456  -270.113919
440.5  9.626603  -279.754765  -270.128162
441.0  9.687540  -279.835910  -270.148369
441.5  9.132061  -279.301426  -270.169364
442.0  7.787775  -277.961827  -270.174052
442.5  5.799550  -275.934679  -270.135130
443.0  3.921381  -273.978394  -270.057013
443.5  3.294282  -273.311035  -270.016753
444.0  4.438676  -274.511348  -270.072671
444.5  6.578752  -276.748458  -270.169706
445.0  8.296783  -278.531082  -270.234300
445.5  8.544585  -278.798031  -270.253446
446.0  7.050244  -277.271634  -270.221390
446.5  4.474013  -274.594922  -270.120909
447.0  2.405851  -272.413834  -270.007983
447.5  2.393681  -272.402699  -270.009018
448.0  4.437485  -274.551084  -270.113599
448.5  7.116990  -277.306174  -270.189185
449.0  9.145969  -279.341831  -270.195862
449.5  10.122592  -280.292529  -270.169937
450.0  10.214982  -280.357209  -270.142226
450.5  9.729070  -279.851209  -270.122139
451.0  8.922726  -279.031713  -270.108988
451.5  7.979102  -278.079402  -270.100300
452.0  7.026521  -277.120747  -270.094226
452.5  6.156278  -276.246779  -270.090501
453.0  5.427919  -275.516819  -270.088900
453.5  4.866923  -274.956643  -270.089720
454.0  4.463956  -274.556108  -270.092152
454.5  4.182118  -274.277717  -270.095600
455.0  3.971527  -274.070070  -270.098544
455.5  3.784974  -273.885474  -270.100500
456.0  3.588386  -273.689874  -270.101488
456.5  3.364070  -273.465546  -270.101477
457.0  3.108433  -273.209383  -270.100950
457.5  2.827332  -272.927552  -270.100220
458.0  2.531454  -272.630841  -270.099387
458.5  2.232895  -272.331546  -270.098652
459.0  1.943099  -272.041174  -270.098075
459.5  1.671897  -271.769541  -270.097645
460.0  1.427193  -271.524600  -270.097407
460.5  1.215044  -271.312090  -270.097046
461.0  1.039916  -271.136865  -270.096949
461.5  0.904969  -271.001847  -270.096878
462.0  0.812325  -270.909147  -270.096823
462.5  0.763272  -270.860045  -270.096773
463.0  0.758411  -270.855205  -270.096794
463.5  0.797721  -270.894612  -270.096891
464.0  0.880562  -270.977464  -270.096902
464.5  1.005589  -271.102640  -270.097051
465.0  1.170612  -271.267768  -270.097156
465.5  1.372365  -271.469711  -270.097346
466.0  1.606222  -271.703960  -270.097739
466.5  1.865898  -271.964041  -270.098142
467.0  2.143170  -272.241914  -270.098743
467.5  2.427750  -272.527317  -270.099566
468.0  2.707562  -272.808052  -270.100490
468.5  2.969749  -273.071074  -270.101326
469.0  3.202782  -273.304655  -270.101872
469.5  3.400035  -273.501910  -270.101875
470.0  3.564650  -273.665663  -270.101013
470.5  3.714532  -273.813506  -270.098974
471.0  3.884900  -273.980751  -270.095851
471.5  4.124953  -274.217237  -270.092284
472.0  4.486900  -274.576664  -270.089763
472.5  5.009723  -275.098783  -270.089060
473.0  5.704676  -275.794813  -270.090137
473.5  6.549287  -276.642952  -270.093665
474.0  7.490529  -277.589216  -270.098687
474.5  8.450722  -278.556043  -270.105322
475.0  9.326419  -279.441687  -270.115269
475.5  9.974116  -280.105047  -270.130931
476.0  10.186225  -280.340466  -270.154241
476.5  9.683021  -279.865517  -270.182496
477.0  8.197795  -278.395026  -270.197231
477.5  5.779252  -275.939420  -270.160168
478.0  3.248872  -273.308428  -270.059556
478.5  2.110595  -272.101483  -269.990888
479.0  3.249683  -273.303257  -270.053574
479.5  5.827095  -275.999959  -270.172865
480.0  8.116922  -278.357137  -270.240215
480.5  8.932217  -279.181597  -270.249380
481.0  8.012633  -278.230830  -270.218198
481.5  5.889485  -276.031409  -270.141924
482.0  3.786102  -273.832451  -270.046349
482.5  3.072675  -273.087786  -270.015112
483.0  4.175280  -274.253737  -270.078457
483.5  6.252576  -276.405085  -270.152509
484.0  8.160099  -278.337310  -270.177211
484.5  9.313419  -279.478545  -270.165126
485.0  9.693696  -279.836340  -270.142644
485.5  9.513314  -279.636942  -270.123628
486.0  8.993838  -279.104849  -270.111011
486.5  8.296583  -278.400089  -270.103506
487.0  7.523547  -277.622786  -270.099239
487.5  6.735918  -276.832658  -270.096740
488.0  5.971180  -276.066414  -270.095234
488.5  5.254743  -275.348858  -270.094116
489.0  4.606230  -274.699578  -270.093348
489.5  4.041371  -274.134060  -270.092689
490.0  3.570770  -273.663387  -270.092617
490.5  3.197315  -273.290537  -270.093222
491.0  2.914326  -273.008672  -270.094346
491.5  2.705899  -272.801721  -270.095822
492.0  2.549951  -272.647201  -270.097250
492.5  2.422969  -272.521604  -270.098634
493.0  2.304651  -272.404167  -270.099516
493.5  2.180875  -272.280751  -270.099876
494.0  2.044488  -272.144392  -270.099904
494.5  1.894416  -271.994103  -270.099687
495.0  1.733984  -271.833297  -270.099312
495.5  1.569065  -271.667956  -270.098891
496.0  1.406532  -271.505080  -270.098549
496.5  1.253193  -271.351357  -270.098164
497.0  1.115152  -271.212977  -270.097825
497.5  0.997474  -271.095143  -270.097669
498.0  0.904052  -271.001487  -270.097436
498.5  0.837590  -270.935052  -270.097462
499.0  0.799616  -270.897026  -270.097410
499.5  0.790482  -270.888027  -270.097546
500.0  0.809340  -270.906965  -270.097625
500.5  0.854069  -270.951918  -270.097849
501.0  0.921165  -271.019273  -270.098108
501.5  1.005619  -271.104113  -270.098494
502.0  1.100837  -271.199886  -270.099050
502.5  1.198710  -271.298298  -270.099588
503.0  1.289954  -271.390209  -270.100255
503.5  1.364932  -271.465833  -270.100900
504.0  1.415131  -271.516429  -270.101298
504.5  1.435327  -271.536694  -270.101367
505.0  1.426232  -271.527171  -270.100938
505.5  1.396765  -271.496720  -270.099955
506.0  1.364615  -271.463057  -270.098442
506.5  1.353857  -271.450639  -270.096782
507.0  1.389316  -271.484961  -270.095645
507.5  1.489301  -271.584479  -270.095178
508.0  1.660111  -271.755721  -270.095609
508.5  1.895210  -271.991745  -270.096535
509.0  2.179443  -272.276906  -270.097463
509.5  2.495784  -272.593813  -270.098029
510.0  2.831172  -272.929344  -270.098172
510.5  3.179443  -273.277325  -270.097881
511.0  3.541352  -273.638570  -270.097218
511.5  3.922811  -274.019306  -270.096495
512.0  4.332512  -274.428188  -270.095677
512.5  4.779438  -274.874618  -270.095180
513.0  5.270604  -275.365470  -270.094866
513.5  5.808780  -275.904050  -270.095270
514.0  6.389639  -276.485860  -270.096221
514.5  6.997681  -277.096318  -270.098637
515.0  7.600211  -277.703215  -270.103004
515.5  8.139007  -278.249121  -270.110114
516.0  8.520817  -278.641852  -270.121035
516.5  8.613041  -278.748104  -270.135063
517.0  8.263153  -278.411012  -270.147858
517.5  7.376948  -277.525039  -270.148091
518.0  6.079975  -276.201688  -270.121713
518.5  4.870947  -274.944182  -270.073236
519.0  4.484853  -274.527060  -270.042207
519.5  5.330316  -275.399873  -270.069558
520.0  7.022393  -277.158217  -270.135824
520.5  8.604059  -278.801616  -270.197558
521.0  9.126831  -279.365475  -270.238645
521.5  8.020375  -278.267697  -270.247322
522.0  5.386567  -275.572116  -270.185550
522.5  2.428315  -272.474996  -270.046681
523.0  1.165761  -271.133411  -269.967650
523.5  2.626178  -272.682554  -270.056376
524.0  5.669271  -275.850344  -270.181073
524.5  8.429051  -278.650107  -270.221056
525.0  9.965005  -280.164748  -270.199742
525.5  10.285577  -280.450662  -270.165085
526.0  9.753375  -279.889463  -270.136088
526.5  8.750196  -278.863977  -270.113781
527.0  7.600559  -277.697254  -270.096695
527.5  6.565159  -276.650155  -270.084996
528.0  5.816810  -275.898554  -270.081744
528.5  5.406843  -275.493405  -270.086562
529.0  5.266849  -275.362237  -270.095388
529.5  5.261514  -275.365197  -270.103684
530.0  5.258739  -275.366871  -270.108132
530.5  5.174094  -275.283002  -270.108908
531.0  4.977453  -275.084837  -270.107384
531.5  4.677395  -274.782220  -270.104825
532.0  4.301522  -274.403815  -270.102294
532.5  3.882034  -273.982167  -270.100134
533.0  3.448158  -273.546615  -270.098457
533.5  3.023362  -273.120795  -270.097433
534.0  2.625106  -272.721740  -270.096634
534.5  2.265735  -272.361876  -270.096142
535.0  1.953642  -272.049476  -270.095834
535.5  1.694340  -271.789971  -270.095632
536.0  1.491337  -271.586945  -270.095607
536.5  1.346801  -271.442296  -270.095495
537.0  1.262035  -271.357662  -270.095627
537.5  1.237800  -271.333256  -270.095456
538.0  1.274499  -271.369923  -270.095424
538.5  1.372273  -271.467727  -270.095453
539.0  1.530977  -271.626475  -270.095498
539.5  1.750059  -271.845482  -270.095423
540.0  2.028331  -272.123884  -270.095554
540.5  2.363590  -272.459376  -270.095786
541.0  2.752083  -272.848129  -270.096046
541.5  3.187749  -273.284256  -270.096506
542.0  3.661253  -273.758774  -270.097521
542.5  4.158823  -274.257557  -270.098734
543.0  4.661064  -274.761591  -270.100527
543.5  5.142220  -275.245084  -270.102863
544.0  5.570964  -275.676401  -270.105436
544.5  5.914460  -276.022444  -270.107984
545.0  6.148099  -276.257137  -270.109038
545.5  6.272343  -276.379516  -270.107173
546.0  6.333057  -276.434439  -270.101382
546.5  6.431782  -276.524602  -270.092821
547.0  6.704555  -276.790013  -270.085458
547.5  7.258979  -277.344506  -270.085526
548.0  8.093540  -278.190148  -270.096608
548.5  9.047440  -279.165709  -270.118269
549.0  9.803728  -279.953327  -270.149599
549.5  9.926801  -280.115104  -270.188303
550.0  8.945702  -279.167231  -270.221529
550.5  6.616356  -276.825616  -270.209260
551.0  3.492080  -273.597154  -270.105074
551.5  1.265916  -271.246179  -269.980263
552.0  1.586599  -271.593857  -270.007258
552.5  4.106980  -274.257527  -270.150548
553.0  6.847664  -277.087839  -270.240174
553.5  8.271647  -278.511105  -270.239459
554.0  8.116659  -278.307153  -270.190494
554.5  6.996460  -277.120426  -270.123966
555.0  5.865882  -275.935352  -270.069470
555.5  5.500533  -275.559999  -270.059465
556.0  6.056272  -276.146949  -270.090678
556.5  7.097200  -277.223585  -270.126385
557.0  8.057955  -278.199768  -270.141813
557.5  8.613913  -278.752272  -270.138359
558.0  8.716390  -278.843336  -270.126945
558.5  8.462266  -278.577865  -270.115598
559.0  7.980634  -278.087480  -270.106846
559.5  7.380773  -277.481704  -270.100930
560.0  6.740124  -276.837371  -270.097247
560.5  6.108305  -276.203429  -270.095124
561.0  5.514556  -275.608652  -270.094095
561.5  4.974234  -275.067954  -270.093720
562.0  4.493483  -274.587231  -270.093748
562.5  4.072313  -274.166461  -270.094148
563.0  3.706545  -273.801181  -270.094636
563.5  3.388972  -273.484309  -270.095337
564.0  3.110158  -273.206380  -270.096222
564.5  2.859284  -272.956318  -270.097034
565.0  2.625089  -272.722973  -270.097884
565.5  2.397142  -272.495738  -270.098596
566.0  2.167730  -272.266749  -270.099018
566.5  1.934277  -272.033211  -270.098933
567.0  1.701493  -271.799786  -270.098293
567.5  1.482087  -271.579247  -270.097160
568.0  1.294598  -271.390801  -270.096203
568.5  1.157743  -271.253099  -270.095355
569.0  1.083216  -271.178646  -270.095430
569.5  1.070179  -271.166563  -270.096384
570.0  1.104577  -271.202379  -270.097802
570.5  1.163708  -271.262995  -270.099287
571.0  1.223478  -271.323923  -270.100446
571.5  1.264864  -271.365873  -270.101009
572.0  1.277268  -271.378241  -270.100972
572.5  1.258593  -271.359205  -270.100612
573.0  1.213221  -271.313219  -270.099998
573.5  1.149381  -271.248732  -270.099351
574.0  1.076801  -271.175586  -270.098785
574.5  1.005045  -271.103270  -270.098225
575.0  0.942578  -271.040293  -270.097715
575.5  0.896361  -270.993803  -270.097441
576.0  0.871740  -270.968930  -270.097190
576.5  0.872521  -270.969587  -270.097066
577.0  0.901113  -270.998081  -270.096968
577.5  0.958667  -271.055649  -270.096981
578.0  1.045192  -271.142158  -270.096966
578.5  1.159619  -271.256645  -270.097025
579.0  1.299859  -271.397034  -270.097175
579.5  1.462849  -271.560263  -270.097414
580.0  1.644638  -271.742276  -270.097638
580.5  1.840557  -271.938496  -270.097938
581.0  2.045563  -272.143781  -270.098219
581.5  2.254815  -272.353272  -270.098457
582.0  2.464588  -272.563052  -270.098464
582.5  2.673475  -272.771791  -270.098316
583.0  2.883773  -272.981648  -270.097875
583.5  3.102761  -273.199770  -270.097009
584.0  3.343342  -273.439275  -270.095933
584.5  3.623446  -273.717901  -270.094456
585.0  3.963886  -274.057000  -270.093115
585.5  4.384762  -274.476703  -270.091940
586.0  4.901157  -274.992612  -270.091455
586.5  5.519362  -275.611030  -270.091667
587.0  6.234410  -276.327172  -270.092762
587.5  7.028600  -277.123371  -270.094772
588.0  7.869386  -277.967697  -270.098311
588.5  8.704163  -278.808358  -270.104194
589.0  9.449276  -279.563110  -270.113834
589.5  9.972100  -280.101604  -270.129504
590.0  10.072477  -280.224516  -270.152039
590.5  9.491705  -279.668226  -270.176521
591.0  8.021699  -278.204815  -270.183116
591.5  5.803746  -275.944077  -270.140332
592.0  3.678983  -273.729858  -270.050875
592.5  2.937444  -272.945096  -270.007653
593.0  4.127779  -274.205179  -270.077400
593.5  6.308501  -276.493949  -270.185449
594.0  7.902999  -278.150073  -270.247073
594.5  7.893978  -278.143660  -270.249681
595.0  6.252815  -276.443541  -270.190726
595.5  3.975576  -274.054447  -270.078871
596.0  2.699634  -272.702736  -270.003102
596.5  3.451392  -273.498612  -270.047220
597.0  5.678032  -275.819791  -270.141760
597.5  8.011258  -278.199111  -270.187853
598.0  9.554799  -279.735072  -270.180272
598.5  10.161018  -280.315533  -270.154515
599.0  10.052311  -280.183166  -270.130854
599.5  9.502580  -279.617089  -270.114509
600.0  8.723322  -278.827630  -270.104308
600.5  7.856150  -277.954083  -270.097933
601.0  6.992446  -277.086494  -270.094047
601.5  6.190803  -276.282598  -270.091795
602.0  5.486600  -275.577534  -270.090933
602.5  4.895957  -274.987149  -270.091191
603.0  4.417818  -274.509820  -270.092002
603.5  4.037097  -274.130963  -270.093866
604.0  3.729873  -273.825387  -270.095513
604.5  3.469747  -273.566790  -270.097042
605.0  3.233389  -273.331555  -270.098166
605.5  3.003965  -273.102742  -270.098778
606.0  2.772112  -272.871031  -270.098919
606.5  2.535033  -272.633869  -270.098836
607.0  2.294705  -272.393196  -270.098492
607.5  2.055973  -272.154099  -270.098126
608.0  1.824959  -271.922704  -270.097746
608.5  1.607943  -271.705370  -270.097427
609.0  1.410674  -271.507859  -270.097185
609.5  1.238017  -271.334958  -270.096941
610.0  1.093805  -271.190621  -270.096815
610.5  0.980827  -271.077644  -270.096817
611.0  0.900838  -270.997549  -270.096711
611.5  0.854578  -270.951458  -270.096880
612.0  0.841752  -270.938667  -270.096915
612.5  0.860953  -270.958025  -270.097072
613.0  0.909526  -271.006834  -270.097309
613.5  0.983376  -271.081030  -270.097653
614.0  1.076755  -271.174881  -270.098127
614.5  1.182063  -271.280807  -270.098744
615.0  1.289809  -271.389260  -270.099451
615.5  1.388863  -271.489165  -270.100302
616.0  1.467319  -271.568370  -270.101050
616.5  1.514203  -271.615919  -270.101716
617.0  1.522261  -271.624180  -270.101920
617.5  1.491539  -271.592906  -270.101367
618.0  1.432752  -271.532796  -270.100044
618.5  1.368551  -271.466674  -270.098123
619.0  1.330470  -271.426440  -270.095970
619.5  1.351006  -271.445468  -270.094462
620.0  1.453203  -271.547300  -270.094096
620.5  1.642894  -271.737806  -270.094912
621.0  1.908150  -272.004478  -270.096327
621.5  2.226105  -272.323714  -270.097609
622.0  2.572839  -272.671229  -270.098391
622.5  2.931128  -273.029667  -270.098538
623.0  3.293633  -273.391752  -270.098119
623.5  3.662009  -273.759343  -270.097334
624.0  4.044062  -274.140492  -270.096430
624.5  4.450448  -274.546000  -270.095552
625.0  4.891557  -274.986483  -270.094925
625.5  5.374974  -275.469649  -270.094675
626.0  5.902964  -275.998059  -270.095095
626.5  6.469301  -276.565907  -270.096605
627.0  7.054740  -277.154138  -270.099398
627.5  7.620489  -277.724973  -270.104484
628.0  8.099471  -278.212173  -270.112702
628.5  8.387722  -278.512217  -270.124494
629.0  8.345010  -278.483616  -270.138606
629.5  7.827917  -277.976653  -270.148737
630.0  6.792310  -276.934416  -270.142105
630.5  5.467737  -275.574957  -270.107220
631.0  4.454718  -274.513262  -270.058545
631.5  4.454352  -274.497710  -270.043358
632.0  5.666982  -275.750917  -270.083935
632.5  7.513527  -277.662571  -270.149044
633.0  9.026775  -279.229282  -270.202507
633.5  9.371127  -279.608348  -270.237222
634.0  8.082611  -278.325874  -270.243263
634.5  5.324502  -275.504013  -270.179511
635.0  2.330944  -272.372250  -270.041305
635.5  1.110748  -271.078060  -269.967312
636.0  2.629009  -272.688845  -270.059836
636.5  5.696532  -275.879786  -270.183254
637.0  8.454479  -278.675681  -270.221201
637.5  9.985794  -280.185319  -270.199525
638.0  10.303997  -280.469837  -270.165841
638.5  9.760724  -279.898740  -270.138016
639.0  8.723753  -278.840087  -270.116334
639.5  7.512392  -277.610781  -270.098388
640.0  6.399435  -276.484457  -270.085022
640.5  5.585251  -275.665360  -270.080109
641.0  5.148847  -275.232852  -270.084006
641.5  5.031779  -275.125737  -270.093958
642.0  5.086749  -275.190377  -270.103628
642.5  5.159005  -275.268304  -270.109298
643.0  5.144551  -275.255208  -270.110657
643.5  5.003152  -275.112142  -270.108989
644.0  4.741532  -274.847672  -270.106140
644.5  4.389848  -274.493163  -270.103315
645.0  3.984275  -274.085040  -270.100766
645.5  3.557807  -273.656802  -270.098995
646.0  3.136863  -273.234567  -270.097704
646.5  2.741013  -272.837702  -270.096690
647.0  2.384023  -272.480124  -270.096101
647.5  2.075198  -272.171083  -270.095884
648.0  1.820607  -271.916238  -270.095631
648.5  1.624071  -271.719541  -270.095470
649.0  1.487895  -271.583428  -270.095534
649.5  1.413382  -271.508770  -270.095388
650.0  1.401154  -271.496523  -270.095369
650.5  1.451316  -271.546778  -270.095462
651.0  1.563484  -271.659057  -270.095573
651.5  1.736683  -271.832232  -270.095549
652.0  1.969084  -272.064805  -270.095721
652.5  2.257582  -272.353642  -270.096060
653.0  2.597158  -272.693577  -270.096419
653.5  2.979999  -273.077242  -270.097244
654.0  3.394361  -273.492671  -270.098310
654.5  3.823247  -273.923172  -270.099925
655.0  4.243159  -274.345344  -270.102185
655.5  4.623651  -274.728590  -270.104939
656.0  4.929122  -275.036935  -270.107813
656.5  5.125249  -275.235416  -270.110167
657.0  5.192877  -275.303165  -270.110287
657.5  5.149844  -275.256337  -270.106493
658.0  5.072946  -275.171160  -270.098214
658.5  5.100355  -275.187945  -270.087590
659.0  5.392197  -275.472903  -270.080706
659.5  6.052765  -276.134565  -270.081800
660.0  7.061141  -277.153330  -270.092190
660.5  8.260338  -278.368978  -270.108640
661.0  9.399452  -279.528291  -270.128839
661.5  10.173868  -280.328063  -270.154195
662.0  10.230355  -280.416904  -270.186549
662.5  9.189330  -279.406228  -270.216898
663.0  6.847595  -277.055744  -270.208149
663.5  3.708591  -273.821046  -270.112455
664.0  1.379390  -271.364507  -269.985117
664.5  1.564127  -271.559047  -269.994921
665.0  4.122256  -274.255079  -270.132822
665.5  7.176035  -277.406632  -270.230597
666.0  9.076705  -279.321307  -270.244602
666.5  9.307373  -279.524778  -270.217404
667.0  8.148140  -278.318563  -270.170423
667.5  6.320781  -276.428101  -270.107320
668.0  4.790383  -274.842910  -270.052528
668.5  4.340283  -274.387581  -270.047298
669.0  5.054483  -275.143655  -270.089172
669.5  6.344854  -276.477392  -270.132539
670.0  7.522379  -277.671332  -270.148953
670.5  8.224630  -278.367733  -270.143103
671.0  8.419258  -278.548606  -270.129348
671.5  8.229789  -278.346250  -270.116461
672.0  7.803562  -277.910546  -270.106984
672.5  7.258272  -277.359257  -270.100986
673.0  6.673262  -276.770637  -270.097375
673.5  6.096371  -276.191818  -270.095447
674.0  5.553069  -275.647833  -270.094764
674.5  5.053773  -275.148537  -270.094764
675.0  4.598979  -274.694282  -270.095303
675.5  4.182818  -274.278855  -270.096037
676.0  3.795698  -273.892652  -270.096954
676.5  3.426678  -273.524535  -270.097856
677.0  3.066243  -273.164765  -270.098522
677.5  2.709571  -272.808222  -270.098651
678.0  2.359689  -272.457791  -270.098102
678.5  2.029443  -272.126323  -270.096880
679.0  1.740352  -271.835751  -270.095399
679.5  1.516822  -271.611187  -270.094365
680.0  1.376723  -271.470984  -270.094262
680.5  1.322579  -271.417788  -270.095208
681.0  1.338576  -271.435716  -270.097140
681.5  1.395401  -271.494636  -270.099235
682.0  1.460087  -271.560976  -270.100889
682.5  1.505514  -271.607260  -270.101747
683.0  1.515676  -271.617516  -270.101840
683.5  1.486117  -271.587493  -270.101376
684.0  1.421267  -271.521913  -270.100646
684.5  1.330785  -271.430599  -270.099815
685.0  1.226372  -271.325384  -270.099012
685.5  1.119617  -271.217986  -270.098369
686.0  1.020775  -271.118669  -270.097894
686.5  0.938271  -271.035747  -270.097477
687.0  0.878637  -270.975846  -270.097209
687.5  0.846666  -270.943704  -270.097038
688.0  0.845615  -270.942489  -270.096874
688.5  0.877414  -270.974215  -270.096801
689.0  0.942827  -271.039597  -270.096770
689.5  1.041553  -271.138375  -270.096822
690.0  1.172271  -271.269239  -270.096967
690.5  1.332636  -271.429772  -270.097136
691.0  1.519267  -271.616637  -270.097371
691.5  1.727736  -271.825411  -270.097675
692.0  1.952656  -272.050647  -270.097991
692.5  2.187939  -272.286287  -270.098348
693.0  2.427310  -272.526017  -270.098707
693.5  2.665245  -272.764160  -270.098915
694.0  2.898383  -272.997229  -270.098846
694.5  3.127306  -273.225815  -270.098509
695.0  3.358444  -273.456052  -270.097608
695.5  3.605448  -273.701820  -270.096372
696.0  3.889086  -273.983630  -270.094544
696.5  4.234921  -274.327773  -270.092852
697.0  4.668555  -274.760008  -270.091453
697.5  5.209441  -275.300316  -270.090875
698.0  5.865077  -275.956425  -270.091348
698.5  6.627025  -276.720145  -270.093120
699.0  7.468686  -277.564770  -270.096085
699.5  8.342625  -278.443793  -270.101167
700.0  9.173917  -279.283367  -270.109450
700.5  9.846134  -279.968941  -270.122806
701.0  10.180950  -280.324170  -270.143220
701.5  9.927477  -280.096949  -270.169472
702.0  8.815225  -279.003960  -270.188735
702.5  6.774844  -276.945079  -270.170234
703.0  4.342682  -274.433789  -270.091107
703.5  2.785999  -272.794750  -270.008751
704.0  3.197747  -273.231662  -270.033915
704.5  5.230380  -275.374939  -270.144559
705.0  7.332716  -277.564378  -270.231662
705.5  8.125509  -278.380897  -270.255389
706.0  7.173950  -277.394569  -270.220619
706.5  5.070221  -275.198343  -270.128122
707.0  3.246936  -273.274177  -270.027241
707.5  3.103277  -273.123127  -270.019850
708.0  4.761497  -274.864721  -270.103224
708.5  7.090386  -277.262384  -270.171999
709.0  8.950513  -279.134473  -270.183961
709.5  9.915242  -280.079030  -270.163789
710.0  10.085648  -280.224732  -270.139084
710.5  9.721695  -279.841965  -270.120271
711.0  9.054815  -279.163036  -270.108222
711.5  8.246278  -278.347132  -270.100855
712.0  7.399245  -277.495648  -270.096402
712.5  6.578586  -276.672325  -270.093738
713.0  5.825009  -275.917257  -270.092248
713.5  5.162536  -275.254216  -270.091680
714.0  4.601620  -274.693499  -270.091879
714.5  4.140622  -274.233408  -270.092785
715.0  3.767760  -273.861836  -270.094076
715.5  3.464407  -273.559828  -270.095421
716.0  3.209364  -273.306180  -270.096816
716.5  2.982953  -273.080776  -270.097823
717.0  2.769874  -272.868289  -270.098414
717.5  2.560437  -272.659179  -270.098742
718.0  2.350377  -272.449124  -270.098747
718.5  2.139741  -272.238285  -270.098545
719.0  1.931475  -272.029810  -270.098335
719.5  1.730123  -271.828154  -270.098031
720.0  1.540786  -271.638546  -270.097760
720.5  1.368383  -271.465908  -270.097525
721.0  1.217231  -271.314629  -270.097398
721.5  1.090813  -271.188063  -270.097251
722.0  0.991656  -271.088795  -270.097139
722.5  0.921285  -271.018449  -270.097164
723.0  0.880173  -270.977444  -270.097271
723.5  0.867688  -270.965058  -270.097370
724.0  0.881992  -270.979586  -270.097594
724.5  0.919913  -271.017781  -270.097868
725.0  0.976798  -271.075024  -270.098226
725.5  1.046399  -271.145081  -270.098683
726.0  1.120861  -271.220165  -270.099304
726.5  1.190979  -271.290936  -270.099957
727.0  1.246873  -271.347505  -270.100632
727.5  1.279304  -271.380475  -270.101172
728.0  1.281740  -271.383112  -270.101372
728.5  1.252975  -271.354069  -270.101094
729.0  1.199625  -271.299829  -270.100203
729.5  1.137210  -271.236078  -270.098869
730.0  1.088379  -271.185662  -270.097283
730.5  1.077673  -271.173700  -270.096027
731.0  1.124142  -271.219694  -270.095552
731.5  1.235023  -271.330960  -270.095938
732.0  1.403842  -271.500839  -270.096997
732.5  1.614046  -271.712204  -270.098157
733.0  1.846011  -271.945053  -270.099041
733.5  2.083777  -272.183128  -270.099351
734.0  2.318877  -272.417922  -270.099045
734.5  2.550808  -272.649357  -270.098549
735.0  2.785293  -272.882932  -270.097638
735.5  3.031864  -273.128655  -270.096792
736.0  3.301654  -273.397587  -270.095933
736.5  3.605845  -273.701012  -270.095167
737.0  3.954586  -274.049162  -270.094576
737.5  4.356080  -274.450338  -270.094259
738.0  4.815751  -274.909756  -270.094005
738.5  5.335244  -275.429488  -270.094244
739.0  5.910766  -276.005831  -270.095066
739.5  6.530395  -276.627160  -270.096764
740.0  7.169957  -277.269832  -270.099875
740.5  7.787069  -277.892029  -270.104960
741.0  8.313691  -278.426537  -270.112846
741.5  8.650177  -278.773782  -270.123605
742.0  8.670152  -278.805625  -270.135473
742.5  8.256871  -278.399579  -270.142708
743.0  7.397599  -277.531901  -270.134302
743.5  6.322256  -276.425293  -270.103037
744.0  5.547708  -275.613487  -270.065779
744.5  5.611690  -275.671124  -270.059434
745.0  6.579073  -276.681718  -270.102645
745.5  7.837197  -278.006093  -270.168896
746.0  8.428844  -278.655159  -270.226315
746.5  7.572732  -277.821063  -270.248331
747.0  5.168181  -275.361434  -270.193254
747.5  2.313926  -272.367904  -270.053978
748.0  1.051661  -271.018431  -269.966770
748.5  2.501039  -272.555065  -270.054026
749.0  5.551455  -275.734818  -270.183364
749.5  8.289559  -278.514915  -270.225356
750.0  9.746243  -279.948272  -270.202030
750.5  9.960671  -280.123520  -270.162849
751.0  9.367453  -279.496038  -270.128585
751.5  8.427750  -278.531020  -270.103270
752.0  7.507542  -277.595358  -270.087816
752.5  6.830346  -276.914122  -270.083776
753.0  6.456384  -276.545552  -270.089167
753.5  6.310569  -276.408574  -270.098005
754.0  6.256729  -276.362047  -270.105318
754.5  6.173175  -276.281857  -270.108683
755.0  5.991110  -276.099649  -270.108539
755.5  5.694103  -275.800573  -270.106470
756.0  5.299308  -275.403073  -270.103765
756.5  4.838151  -274.939439  -270.101288
757.0  4.343565  -274.442798  -270.099234
757.5  3.843928  -273.941628  -270.097700
758.0  3.361266  -273.457953  -270.096687
758.5  2.911536  -273.007584  -270.096048
759.0  2.505746  -272.601401  -270.095655
759.5  2.151163  -272.246511  -270.095348
760.0  1.852378  -271.947637  -270.095259
760.5  1.612147  -271.707433  -270.095286
761.0  1.432018  -271.527215  -270.095196
761.5  1.312767  -271.408010  -270.095244
762.0  1.254675  -271.350003  -270.095327
762.5  1.257699  -271.352935  -270.095236
763.0  1.321515  -271.416862  -270.095347
763.5  1.445476  -271.540720  -270.095244
764.0  1.628450  -271.723963  -270.095513
764.5  1.868543  -271.964158  -270.095615
765.0  2.162668  -272.258475  -270.095807
765.5  2.505934  -272.602319  -270.096385
766.0  2.890836  -272.987707  -270.096872
766.5  3.306214  -273.404180  -270.097966
767.0  3.736091  -273.835515  -270.099424
767.5  4.158652  -274.260070  -270.101418
768.0  4.546003  -274.649889  -270.103886
768.5  4.866014  -274.972537  -270.106523
769.0  5.088383  -275.196881  -270.108498
769.5  5.197058  -275.305598  -270.108540
770.0  5.209035  -275.314118  -270.105082
770.5  5.193110  -275.290906  -270.097796
771.0  5.271698  -275.360102  -270.088404
771.5  5.587220  -275.669198  -270.081978
772.0  6.235510  -276.318027  -270.082516
772.5  7.203180  -277.295117  -270.091937
773.0  8.351260  -278.458605  -270.107345
773.5  9.444581  -279.572252  -270.127671
774.0  10.183502  -280.337091  -270.153589
774.5  10.210011  -280.396685  -270.186674
775.0  9.138657  -279.355498  -270.216841
775.5  6.774022  -276.979817  -270.205795
776.0  3.650607  -273.757994  -270.107387
776.5  1.399255  -271.381968  -269.982713
777.0  1.677654  -271.678036  -270.000382
777.5  4.255187  -274.394910  -270.139723
778.0  7.223562  -277.458447  -270.234884
778.5  8.967591  -279.214165  -270.246574
779.0  9.020868  -279.236737  -270.215869
779.5  7.735670  -277.898006  -270.162336
780.0  5.933453  -276.027747  -270.094294
780.5  4.631345  -274.677523  -270.046177
781.0  4.515352  -274.570003  -270.054651
781.5  5.478909  -275.581615  -270.102706
782.0  6.833357  -276.974946  -270.141588
782.5  7.933701  -278.084576  -270.150874
783.0  8.508922  -278.650331  -270.141408
783.5  8.586541  -278.713333  -270.126792
784.0  8.310248  -278.424640  -270.114392
784.5  7.826222  -277.932007  -270.105784
785.0  7.244455  -277.344813  -270.100358
785.5  6.636557  -276.733804  -270.097247
786.0  6.044479  -276.140214  -270.095734
786.5  5.489724  -275.584861  -270.095137
787.0  4.980349  -275.075594  -270.095245
787.5  4.515797  -274.611589  -270.095792
788.0  4.090260  -274.186731  -270.096471
788.5  3.695178  -273.792418  -270.097240
789.0  3.321546  -273.419505  -270.097959
789.5  2.962471  -273.060756  -270.098285
790.0  2.615775  -272.714088  -270.098312
790.5  2.286056  -272.383885  -270.097829
791.0  1.985272  -272.082123  -270.096851
791.5  1.730559  -271.826457  -270.095898
792.0  1.538809  -271.634082  -270.095273
792.5  1.419563  -271.515069  -270.095506
793.0  1.369659  -271.466351  -270.096692
793.5  1.372724  -271.471037  -270.098313
794.0  1.404001  -271.503844  -270.099843
794.5  1.437779  -271.538811  -270.101032
795.0  1.453909  -271.555580  -270.101671
795.5  1.441111  -271.542785  -270.101674
796.0  1.396917  -271.498197  -270.101279
796.5  1.325565  -271.426294  -270.100728
797.0  1.235274  -271.335311  -270.100037
797.5  1.135818  -271.235195  -270.099377
798.0  1.036861  -271.135712  -270.098850
798.5  0.947004  -271.045430  -270.098426
799.0  0.873332  -270.971432  -270.098100
799.5  0.821314  -270.919220  -270.097905
800.0  0.794869  -270.892579  -270.097710
800.5  0.796492  -270.894200  -270.097708
801.0  0.827382  -270.925092  -270.097711
801.5  0.887529  -270.985311  -270.097782
802.0  0.975758  -271.073559  -270.097801
802.5  1.089729  -271.187767  -270.098038
803.0  1.225916  -271.324213  -270.098297
803.5  1.379614  -271.478195  -270.098581
804.0  1.545005  -271.644047  -270.099042
804.5  1.715410  -271.814871  -270.099462
805.0  1.883826  -271.983696  -270.099870
805.5  2.043842  -272.144031  -270.100188
806.0  2.191043  -272.291333  -270.100289
806.5  2.324804  -272.424732  -270.099928
807.0  2.450170  -272.549468  -270.099297
807.5  2.579155  -272.677155  -270.098000
808.0  2.730626  -272.827213  -270.096588
808.5  2.928031  -273.022970  -270.094939
809.0  3.195113  -273.288607  -270.093494
809.5  3.550838  -273.643672  -270.092834
810.0  4.005388  -274.098109  -270.092721
810.5  4.558733  -274.651927  -270.093194
811.0  5.201760  -275.295846  -270.094086
811.5  5.918770  -276.014090  -270.095320
812.0  6.689241  -276.786084  -270.096843
812.5  7.486665  -277.586002  -270.099336
813.0  8.272999  -278.376539  -270.103539
813.5  8.987544  -279.098373  -270.110829
814.0  9.529897  -279.653041  -270.123144
814.5  9.740727  -279.882690  -270.141963
815.0  9.398128  -279.562889  -270.164761
815.5  8.280903  -278.459783  -270.178880
816.0  6.382684  -276.539213  -270.156529
816.5  4.254696  -274.337831  -270.083135
817.0  3.042671  -273.058650  -270.015979
817.5  3.652445  -273.693977  -270.041532
818.0  5.726478  -275.864166  -270.137688
818.5  7.896316  -278.113136  -270.216820
819.0  8.898896  -279.148284  -270.249389
819.5  8.169606  -278.410442  -270.240836
820.0  5.942499  -276.118323  -270.175825
820.5  3.371267  -273.429723  -270.058456
821.0  2.168385  -272.160201  -269.991816
821.5  3.219043  -273.274987  -270.055944
822.0  5.700246  -275.856941  -270.156694
822.5  8.120032  -278.315927  -270.195895
823.0  9.632208  -279.814749  -270.182541
823.5  10.166469  -280.321140  -270.154671
824.0  9.981523  -280.112763  -270.131240
824.5  9.356343  -279.471852  -270.115509
825.0  8.498823  -278.604443  -270.105620
825.5  7.551515  -277.650390  -270.098874
826.0  6.615698  -276.709627  -270.093930
826.5  5.766933  -275.857624  -270.090690
827.0  5.057895  -275.147067  -270.089172
827.5  4.513614  -274.603146  -270.089533
828.0  4.127822  -274.219673  -270.091851
828.5  3.867032  -273.962125  -270.095093
829.0  3.682953  -273.781044  -270.098091
829.5  3.527614  -273.627957  -270.100344
830.0  3.364710  -273.466155  -270.101445
830.5  3.174055  -273.275648  -270.101593
831.0  2.950063  -273.051171  -270.101108
831.5  2.697369  -272.797778  -270.100409
832.0  2.426181  -272.525663  -270.099482
832.5  2.148633  -272.247401  -270.098768
833.0  1.876511  -271.974673  -270.098162
833.5  1.620081  -271.717742  -270.097661
834.0  1.387700  -271.485040  -270.097340
834.5  1.185842  -271.282903  -270.097061
835.0  1.019312  -271.116212  -270.096900
835.5  0.891541  -270.988431  -270.096890
836.0  0.804843  -270.901664  -270.096821
836.5  0.760634  -270.857446  -270.096812
837.0  0.759574  -270.856273  -270.096699
837.5  0.801645  -270.898439  -270.096794
838.0  0.886142  -270.983025  -270.096883
838.5  1.011600  -271.108529  -270.096929
839.0  1.175636  -271.272801  -270.097165
839.5  1.374732  -271.472094  -270.097361
840.0  1.603961  -271.701681  -270.097719
840.5  1.856690  -271.954880  -270.098190
841.0  2.124354  -272.223177  -270.098823
841.5  2.396432  -272.495997  -270.099565
842.0  2.660856  -272.761332  -270.100477
842.5  2.905198  -273.006480  -270.101283
843.0  3.119056  -273.220790  -270.101734
843.5  3.297811  -273.399370  -270.101559
844.0  3.447391  -273.547805  -270.100413
844.5  3.588753  -273.686963  -270.098210
845.0  3.759212  -273.854371  -270.095159
845.5  4.007686  -274.099559  -270.091873
846.0  4.382939  -274.472533  -270.089594
846.5  4.918208  -275.007087  -270.088880
847.0  5.619114  -275.709768  -270.090654
847.5  6.460390  -276.554035  -270.093645
848.0  7.390676  -277.488923  -270.098248
848.5  8.338269  -278.442672  -270.104403
849.0  9.209494  -279.322890  -270.113396
849.5  9.874216  -280.001906  -270.127691
850.0  10.141329  -280.290808  -270.149479
850.5  9.746304  -279.923453  -270.177148
851.0  8.416655  -278.611575  -270.194920
851.5  6.134616  -276.302527  -270.167911
852.0  3.585042  -273.659936  -270.074894
852.5  2.198968  -272.193293  -269.994325
853.0  3.026497  -273.064320  -270.037823
853.5  5.484936  -275.639913  -270.154978
854.0  7.908732  -278.140511  -270.231780
854.5  8.994727  -279.244304  -270.249577
855.0  8.334117  -278.561447  -270.227329
855.5  6.306695  -276.467740  -270.161045
856.0  4.022079  -274.083361  -270.061282
856.5  2.929238  -272.938620  -270.009381
857.0  3.731828  -273.791821  -270.059993
857.5  5.769732  -275.911587  -270.141855
858.0  7.829520  -278.007529  -270.178009
858.5  9.176292  -279.346274  -270.169982
859.0  9.707188  -279.854444  -270.147257
859.5  9.618771  -279.745629  -270.126859
860.0  9.144598  -279.257504  -270.112905
860.5  8.461342  -278.565738  -270.104395
861.0  7.682638  -277.782229  -270.099591
861.5  6.877553  -276.974375  -270.096822
862.0  6.089242  -276.184225  -270.094983
862.5  5.347794  -275.441314  -270.093519
863.0  4.677030  -274.769590  -270.092560
863.5  4.096224  -274.187933  -270.091709
864.0  3.618138  -273.709850  -270.091712
864.5  3.245709  -273.338089  -270.092380
865.0  2.970100  -273.063765  -270.093665
865.5  2.771768  -272.867235  -270.095467
866.0  2.624784  -272.721840  -270.097056
866.5  2.502762  -272.601298  -270.098535
867.0  2.384085  -272.483415  -270.099330
867.5  2.254785  -272.354423  -270.099638
868.0  2.108853  -272.208473  -270.099620
868.5  1.946788  -272.046008  -270.099220
869.0  1.773428  -271.872226  -270.098798
869.5  1.595862  -271.694151  -270.098289
870.0  1.421837  -271.519657  -270.097820
870.5  1.258726  -271.356242  -270.097516
871.0  1.112937  -271.210191  -270.097254
871.5  0.989670  -271.086689  -270.097019
872.0  0.892867  -270.989695  -270.096828
872.5  0.825241  -270.922023  -270.096783
873.0  0.788322  -270.885175  -270.096853
873.5  0.782487  -270.879366  -270.096879
874.0  0.806948  -270.903963  -270.097015
874.5  0.859674  -270.956851  -270.097177
875.0  0.937272  -271.034710  -270.097438
875.5  1.034830  -271.132641  -270.097811
876.0  1.145788  -271.244081  -270.098293
876.5  1.261912  -271.360856  -270.098944
877.0  1.373515  -271.473198  -270.099683
877.5  1.470147  -271.570506  -270.100358
878.0  1.541950  -271.642850  -270.100901
878.5  1.581830  -271.682945  -270.101115
879.0  1.588397  -271.689221  -270.100824
879.5  1.568845  -271.668725  -270.099880
880.0  1.540498  -271.638743  -270.098245
880.5  1.529338  -271.625695  -270.096357
881.0  1.564554  -271.659433  -270.094879
881.5  1.670357  -271.764417  -270.094061
882.0  1.858606  -271.952820  -270.094214
882.5  2.126153  -272.221276  -270.095124
883.0  2.458263  -272.554381  -270.096118
883.5  2.835906  -272.932868  -270.096962
884.0  3.242822  -273.340049  -270.097228
884.5  3.669634  -273.766728  -270.097094
885.0  4.114508  -274.210995  -270.096487
885.5  4.581324  -274.677133  -270.095809
886.0  5.076596  -275.171916  -270.095320
886.5  5.606180  -275.701390  -270.095210
887.0  6.171807  -276.267319  -270.095512
887.5  6.766913  -276.863878  -270.096965
888.0  7.371046  -277.471109  -270.100063
888.5  7.942021  -278.047720  -270.105699
889.0  8.405612  -278.520475  -270.114863
889.5  8.645365  -278.773566  -270.128201
890.0  8.503977  -278.647972  -270.143995
890.5  7.825522  -277.980073  -270.154551
891.0  6.582739  -276.726719  -270.143979
891.5  5.083380  -275.183733  -270.100353
892.0  4.050024  -274.097089  -270.047065
892.5  4.230972  -274.271306  -270.040334
893.0  5.702829  -275.798004  -270.095176
893.5  7.697338  -277.861791  -270.164452
894.0  9.163061  -279.376971  -270.213910
894.5  9.305153  -279.546903  -270.241750
895.0  7.773375  -278.010143  -270.236767
895.5  4.907587  -275.065944  -270.158357
896.0  2.110090  -272.131723  -270.021632
896.5  1.309726  -271.284485  -269.974759
897.0  3.118987  -273.199299  -270.080312
897.5  6.160773  -276.350556  -270.189783
898.0  8.721353  -278.936262  -270.214909
898.5  10.075896  -280.266000  -270.190104
899.0  10.311515  -280.469728  -270.158213
899.5  9.769669  -279.903088  -270.133419
900.0  8.777223  -278.892214  -270.114991
900.5  7.604036  -277.704096  -270.100060
901.0  6.479198  -276.567307  -270.088109
901.5  5.584353  -275.666090  -270.081738
902.0  5.017637  -275.100489  -270.082852
902.5  4.766637  -274.856375  -270.089738
903.0  4.727388  -274.825734  -270.098347
903.5  4.763106  -274.868171  -270.105066
904.0  4.762230  -274.870112  -270.107882
904.5  4.664923  -274.772615  -270.107692
905.0  4.458789  -274.564621  -270.105832
905.5  4.160927  -274.264221  -270.103294
906.0  3.800700  -273.901699  -270.101000
906.5  3.408625  -273.507729  -270.099104
907.0  3.011066  -273.108738  -270.097672
907.5  2.628662  -272.725352  -270.096690
908.0  2.276565  -272.372675  -270.096110
908.5  1.965417  -272.061034  -270.095617
909.0  1.702444  -271.797802  -270.095358
909.5  1.492419  -271.587661  -270.095241
910.0  1.338433  -271.433624  -270.095191
910.5  1.242462  -271.337470  -270.095008
911.0  1.205780  -271.300868  -270.095088
911.5  1.229229  -271.324165  -270.094936
912.0  1.313374  -271.408401  -270.095026
912.5  1.458563  -271.553477  -270.094914
913.0  1.664892  -271.759751  -270.094859
913.5  1.932078  -272.026961  -270.094883
914.0  2.259219  -272.354156  -270.094937
914.5  2.644423  -272.739504  -270.095081
915.0  3.084261  -273.179511  -270.095250
915.5  3.573028  -273.668803  -270.095775
916.0  4.101764  -274.198393  -270.096629
916.5  4.657090  -274.755089  -270.097999
917.0  5.219994  -275.319627  -270.099633
917.5  5.765027  -275.866990  -270.101963
918.0  6.260863  -276.365465  -270.104602
918.5  6.673995  -276.781253  -270.107258
919.0  6.977807  -277.086313  -270.108506
919.5  7.168534  -277.275719  -270.107185
920.0  7.284513  -277.386948  -270.102435
920.5  7.415396  -277.510310  -270.094914
921.0  7.679772  -277.769287  -270.089515
921.5  8.158451  -278.251205  -270.092753
922.0  8.804832  -278.914059  -270.109228
922.5  9.382638  -279.522346  -270.139709
923.0  9.470625  -279.650960  -270.180335
923.5  8.564674  -278.780161  -270.215488
924.0  6.373526  -276.578866  -270.205341
924.5  3.390250  -273.497001  -270.106751
925.0  1.214861  -271.202671  -269.987810
925.5  1.422942  -271.433486  -270.010544
926.0  3.708667  -273.855497  -270.146829
926.5  6.212978  -276.442680  -270.229702
927.0  7.520831  -277.742289  -270.221458
927.5  7.493439  -277.658691  -270.165252
928.0  6.821637  -276.925165  -270.103528
928.5  6.349410  -276.420850  -270.071440
929.0  6.536638  -276.617231  -270.080594
929.5  7.270615  -277.380613  -270.109997
930.0  8.120619  -278.251445  -270.130826
930.5  8.717582  -278.852519  -270.134937
931.0  8.917484  -279.045497  -270.128013
931.5  8.751316  -278.869222  -270.117906
932.0  8.321715  -278.430878  -270.109163
932.5  7.735326  -277.837850  -270.102524
933.0  7.076573  -277.174757  -270.098184
933.5  6.404166  -276.499737  -270.095571
934.0  5.755779  -275.849707  -270.093928
934.5  5.153949  -275.247096  -270.093147
935.0  4.610944  -274.703724  -270.092780
935.5  4.132218  -274.224974  -270.092756
936.0  3.718684  -273.811766  -270.093082
936.5  3.368129  -273.461491  -270.093362
937.0  3.075981  -273.169913  -270.093932
937.5  2.835663  -272.930239  -270.094576
938.0  2.638802  -272.733982  -270.095180
938.5  2.475321  -272.571365  -270.096045
939.0  2.333497  -272.430558  -270.097061
939.5  2.200330  -272.298394  -270.098064
940.0  2.062511  -272.161498  -270.098987
940.5  1.908320  -272.008043  -270.099723
941.0  1.730641  -271.830612  -270.099971
941.5  1.530599  -271.630022  -270.099423
942.0  1.320543  -271.418729  -270.098187
942.5  1.123904  -271.220200  -270.096296
943.0  0.969955  -271.064760  -270.094804
943.5  0.883903  -270.977904  -270.094001
944.0  0.876449  -270.971150  -270.094701
944.5  0.938588  -271.034875  -270.096286
945.0  1.044855  -271.143275  -270.098420
945.5  1.163008  -271.263113  -270.100105
946.0  1.264641  -271.365693  -270.101052
946.5  1.331886  -271.433066  -270.101181
947.0  1.358885  -271.459580  -270.100694
947.5  1.349457  -271.449354  -270.099897
948.0  1.313356  -271.412419  -270.099062
948.5  1.262767  -271.360931  -270.098164
949.0  1.209895  -271.307367  -270.097472
949.5  1.165630  -271.262547  -270.096917
950.0  1.138987  -271.235482  -270.096495
950.5  1.137057  -271.233120  -270.096064
951.0  1.165169  -271.261058  -270.095889
951.5  1.227172  -271.322917  -270.095744
952.0  1.325687  -271.421248  -270.095560
952.5  1.462346  -271.557756  -270.095410
953.0  1.637975  -271.733443  -270.095468
953.5  1.852725  -271.948058  -270.095334
954.0  2.106189  -272.201493  -270.095305
954.5  2.397491  -272.492774  -270.095282
955.0  2.725397  -272.820709  -270.095312
955.5  3.088474  -273.183745  -270.095272
956.0  3.485320  -273.580505  -270.095184
956.5  3.914878  -274.010056  -270.095178
957.0  4.376807  -274.471759  -270.094951
957.5  4.871911  -274.966638  -270.094727
958.0  5.402471  -275.496819  -270.094348
958.5  5.972206  -276.066260  -270.094054
959.0  6.585424  -276.679172  -270.093748
959.5  7.244700  -277.338539  -270.093839
960.0  7.946330  -278.041405  -270.095075
960.5  8.672676  -278.770746  -270.098070
961.0  9.380441  -279.484595  -270.104154
961.5  9.984405  -280.099385  -270.114980
962.0  10.338644  -280.470721  -270.132077
962.5  10.226813  -280.381444  -270.154631
963.0  9.398395  -279.572448  -270.174053
963.5  7.722618  -277.891020  -270.168402
964.0  5.489779  -275.605958  -270.116179
964.5  3.590278  -273.636033  -270.045755
965.0  2.992025  -273.036554  -270.044529
965.5  3.699514  -273.825613  -270.126099
966.0  4.620234  -274.821136  -270.200902
966.5  4.710352  -274.907960  -270.197608
967.0  3.993127  -274.116093  -270.122966
967.5  3.485466  -273.535784  -270.050318
968.0  4.159343  -274.214583  -270.055240
968.5  5.958692  -276.076883  -270.118190
969.0  8.005017  -278.168718  -270.163701
969.5  9.518259  -279.686236  -270.167977
970.0  10.248734  -280.399137  -270.150403
970.5  10.314729  -280.444718  -270.129990
971.0  9.941254  -280.055544  -270.114290
971.5  9.325096  -279.429198  -270.104102
972.0  8.601954  -278.700117  -270.098162
972.5  7.854198  -277.949139  -270.094941
973.0  7.126937  -277.220537  -270.093599
973.5  6.441865  -276.535006  -270.093141
974.0  5.807073  -275.900185  -270.093113
974.5  5.223468  -275.316866  -270.093399
975.0  4.688753  -274.782524  -270.093771
975.5  4.199697  -274.293711  -270.094014
976.0  3.753266  -273.847581  -270.094315
976.5  3.347082  -273.441575  -270.094493
977.0  2.979491  -273.074225  -270.094734
977.5  2.649482  -272.744373  -270.094891
978.0  2.356488  -272.451488  -270.095000
978.5  2.100132  -272.195216  -270.095083
979.0  1.880024  -271.975216  -270.095192
979.5  1.695557  -271.790825  -270.095268
980.0  1.545751  -271.641190  -270.095438
980.5  1.429084  -271.524710  -270.095626
981.0  1.343318  -271.439129  -270.095811
981.5  1.285320  -271.381472  -270.096152
982.0  1.250894  -271.347426  -270.096532
982.5  1.234635  -271.331614  -270.096979
983.0  1.229883  -271.327330  -270.097447
983.5  1.228850  -271.326882  -270.098031
984.0  1.223074  -271.321703  -270.098629
984.5  1.204328  -271.303489  -270.099160
985.0  1.166106  -271.265575  -270.099469
985.5  1.105528  -271.204928  -270.099400
986.0  1.025270  -271.124189  -270.098919
986.5  0.934642  -271.032661  -270.098019
987.0  0.848789  -270.945632  -270.096843
987.5  0.785507  -270.881366  -270.095859
988.0  0.760083  -270.855475  -270.095392
988.5  0.780108  -270.875794  -270.095686
989.0  0.842759  -270.939151  -270.096392
989.5  0.935933  -271.033456  -270.097523
990.0  1.042640  -271.141054  -270.098414
990.5  1.146442  -271.245577  -270.099135
991.0  1.235650  -271.334962  -270.099312
991.5  1.305160  -271.404210  -270.099049
992.0  1.356002  -271.454606  -270.098604
992.5  1.393661  -271.491627  -270.097967
993.0  1.426101  -271.523503  -270.097402
993.5  1.462095  -271.558911  -270.096816
994.0  1.510094  -271.606337  -270.096242
994.5  1.577653  -271.673433  -270.095780
995.0  1.671208  -271.766609  -270.095402
995.5  1.796082  -271.891181  -270.095099
996.0  1.956627  -272.051446  -270.094819
996.5  2.156402  -272.251010  -270.094608
997.0  2.398357  -272.492689  -270.094332
997.5  2.685004  -272.779200  -270.094196
998.0  3.018560  -273.112573  -270.094013
998.5  3.401064  -273.494663  -270.093599
999.0  3.834403  -273.927932  -270.093528
999.5  4.320223  -274.413550  -270.093327
1000.0  4.859706  -274.952879  -270.093173
