0.0  -280.50741788
0.5  -280.33990507
1.0  -279.9106854
1.5  -279.31181973
2.0  -278.6129896
2.5  -277.86494136
3.0  -277.10344532
3.5  -276.35358334
4.0  -275.63234335
4.5  -274.9517671
5.0  -274.31939263
5.5  -273.7401873
6.0  -273.2168991
6.5  -272.75149399
7.0  -272.34420472
7.5  -271.99530344
8.0  -271.7043009
8.5  -271.47050846
9.0  -271.29312618
9.5  -271.17130976
10.0  -271.10404033
10.5  -271.08995896
11.0  -271.12789089
11.5  -271.21549383
12.0  -271.3500725
12.5  -271.52775819
13.0  -271.742408
13.5  -271.9862557
14.0  -272.24800093
14.5  -272.51268425
15.0  -272.76124581
15.5  -272.97150926
16.0  -273.12028798
16.5  -273.1894368
17.0  -273.17514584
17.5  -273.10035274
18.0  -273.0224488
18.5  -273.02801366
19.0  -273.2095375
19.5  -273.62696141
20.0  -274.28320118
20.5  -275.12521625
21.0  -276.07196401
21.5  -277.04283761
22.0  -277.97125891
22.5  -278.79701158
23.0  -279.44422936
23.5  -279.79052367
24.0  -279.6406187
24.5  -278.73803832
25.0  -276.90408576
25.5  -274.39617959
26.0  -272.28871054
26.5  -272.02207104
27.0  -273.94440274
27.5  -276.83423174
28.0  -279.19195333
28.5  -280.22544748
29.0  -279.74619353
29.5  -277.89169016
30.0  -275.22112193
30.5  -272.92172866
31.0  -272.31169382
31.5  -273.64531237
32.0  -275.88014406
32.5  -277.8336081
33.0  -278.99340273
33.5  -279.39725455
34.0  -279.26889515
34.5  -278.8173983
35.0  -278.18429065
35.5  -277.4517124
36.0  -276.66360541
36.5  -275.84784376
37.0  -275.03276934
37.5  -274.25881555
38.0  -273.57909875
38.5  -273.04990773
39.0  -272.70801307
39.5  -272.552544
40.0  -272.53967777
40.5  -272.60053733
41.0  -272.66607517
41.5  -272.68797501
42.0  -272.64341466
42.5  -272.53173621
43.0  -272.36570238
43.5  -272.16385534
44.0  -271.94510307
44.5  -271.72639858
45.0  -271.52151278
45.5  -271.34105016
46.0  -271.19305979
46.5  -271.08308593
47.0  -271.01533243
47.5  -270.99247735
48.0  -271.0165777
48.5  -271.08875505
49.0  -271.21000223
49.5  -271.38043956
50.0  -271.6002055
50.5  -271.8689977
51.0  -272.18588654
51.5  -272.54952105
52.0  -272.95776328
52.5  -273.40757748
53.0  -273.89491394
53.5  -274.41496517
54.0  -274.96158026
54.5  -275.52866045
55.0  -276.10995985
55.5  -276.70031527
56.0  -277.29720462
56.5  -277.89949802
57.0  -278.50616161
57.5  -279.10771234
58.0  -279.67279587
58.5  -280.12561024
59.0  -280.31956115
59.5  -280.02357821
60.0  -278.96662334
60.5  -277.02250776
61.0  -274.56223505
61.5  -272.62093123
62.0  -272.1941977
62.5  -273.09294048
63.0  -274.12783056
63.5  -274.48331641
64.0  -274.43000349
64.5  -274.79755998
65.0  -276.00244833
65.5  -277.6775954
66.0  -279.16963071
66.5  -280.08787206
67.0  -280.38920883
67.5  -280.21086329
68.0  -279.72248552
68.5  -279.0622413
69.0  -278.3255341
69.5  -277.57220798
70.0  -276.83810034
70.5  -276.14303139
71.0  -275.4971333
71.5  -274.90529789
72.0  -274.36866639
72.5  -273.88707431
73.0  -273.4592959
73.5  -273.08345212
74.0  -272.75728876
74.5  -272.47875514
75.0  -272.24527442
75.5  -272.05376213
76.0  -271.90092746
76.5  -271.78289272
77.0  -271.6945692
77.5  -271.6299576
78.0  -271.58228722
78.5  -271.54332376
79.0  -271.5044099
79.5  -271.4569166
80.0  -271.39378038
80.5  -271.31132336
81.0  -271.21111602
81.5  -271.10145794
82.0  -270.99674952
82.5  -270.91398196
83.0  -270.86868183
83.5  -270.8688547
84.0  -270.91211056
84.5  -270.98633433
85.0  -271.07426679
85.5  -271.15880072
86.0  -271.22729174
86.5  -271.27379024
87.0  -271.29844722
87.5  -271.30626247
88.0  -271.30470723
88.5  -271.30225484
89.0  -271.30696251
89.5  -271.32613465
90.0  -271.36562381
90.5  -271.43029248
91.0  -271.52347311
91.5  -271.64786012
92.0  -271.80511746
92.5  -271.99615593
93.0  -272.2216498
93.5  -272.48194915
94.0  -272.77692055
94.5  -273.10679576
95.0  -273.47183343
95.5  -273.87346961
96.0  -274.31340604
96.5  -274.79464135
97.0  -275.32129415
97.5  -275.89737483
98.0  -276.52683252
98.5  -277.21002178
99.0  -277.93993119
99.5  -278.69537325
100.0  -279.43062466
100.5  -280.06198994
101.0  -280.44947619
101.5  -280.38758292
102.0  -279.63565611
102.5  -278.05673573
103.0  -275.91014276
103.5  -274.05509187
104.0  -273.47733203
104.5  -274.20661242
105.0  -275.11411405
105.5  -275.06611448
106.0  -274.0255162
106.5  -273.12635222
107.0  -273.61251653
107.5  -275.52793913
108.0  -277.82195304
108.5  -279.53660619
109.0  -280.37354474
109.5  -280.47601762
110.0  -280.10448248
110.5  -279.48089226
111.0  -278.75441021
111.5  -278.01231645
112.0  -277.29980199
112.5  -276.6353083
113.0  -276.02231015
113.5  -275.45757628
114.0  -274.93561053
114.5  -274.45117123
115.0  -274.00071857
115.5  -273.58246447
116.0  -273.19579305
116.5  -272.84119538
117.0  -272.51990037
117.5  -272.23316667
118.0  -271.9822389
118.5  -271.76799569
119.0  -271.5910463
119.5  -271.45121753
120.0  -271.34794153
120.5  -271.27971029
121.0  -271.24392925
121.5  -271.23714622
122.0  -271.25413701
122.5  -271.28821978
123.0  -271.3308699
123.5  -271.37201627
124.0  -271.40021985
124.5  -271.4043095
125.0  -271.37545531
125.5  -271.31038079
126.0  -271.21440087
126.5  -271.10396366
127.0  -271.0043071
127.5  -270.94435088
128.0  -270.94697624
128.5  -271.02034308
129.0  -271.15511407
129.5  -271.32817569
130.0  -271.51339387
130.5  -271.68880278
131.0  -271.8427571
131.5  -271.97346816
132.0  -272.0872329
132.5  -272.19456556
133.0  -272.30776538
133.5  -272.43904858
134.0  -272.59925143
134.5  -272.7981298
135.0  -273.04378649
135.5  -273.34302104
136.0  -273.70140613
136.5  -274.12264761
137.0  -274.60914986
137.5  -275.16041623
138.0  -275.77316604
138.5  -276.43750349
139.0  -277.13626222
139.5  -277.83944008
140.0  -278.49827881
140.5  -279.04015805
141.0  -279.3655033
141.5  -279.35942889
142.0  -278.93633802
142.5  -278.13129884
143.0  -277.19991144
143.5  -276.58092057
144.0  -276.58067897
144.5  -276.97698412
145.0  -277.01345428
145.5  -275.9138585
146.0  -273.64747954
146.5  -271.48356802
147.0  -271.27753865
147.5  -273.41070693
148.0  -276.34705091
148.5  -278.52961257
149.0  -279.50029143
149.5  -279.54980713
150.0  -279.14720484
150.5  -278.65813484
151.0  -278.26567802
151.5  -277.99334921
152.0  -277.77705354
152.5  -277.5366707
153.0  -277.21917947
153.5  -276.80866133
154.0  -276.3169439
154.5  -275.76857099
155.0  -275.19188906
155.5  -274.61153351
156.0  -274.04804745
156.5  -273.51611659
157.0  -273.02635964
157.5  -272.58605026
158.0  -272.19931029
158.5  -271.86907564
159.0  -271.5967424
159.5  -271.38287672
160.0  -271.2279112
160.5  -271.13149792
161.0  -271.09387917
161.5  -271.11472714
162.0  -271.19411461
162.5  -271.33181527
163.0  -271.52760707
163.5  -271.78117188
164.0  -272.09155938
164.5  -272.45651629
165.0  -272.87342578
165.5  -273.33680943
166.0  -273.83891982
166.5  -274.36861306
167.0  -274.90938595
167.5  -275.44068275
168.0  -275.9370042
168.5  -276.37164897
169.0  -276.72365401
169.5  -276.98940893
170.0  -277.19781881
170.5  -277.41711746
171.0  -277.74196744
171.5  -278.24608345
172.0  -278.91325994
172.5  -279.57685469
173.0  -279.90241487
173.5  -279.42680675
174.0  -277.72835706
174.5  -274.8763288
175.0  -272.04404661
175.5  -271.14826885
176.0  -272.81305203
176.5  -275.46141655
177.0  -277.22343171
177.5  -277.49667282
178.0  -276.81171321
178.5  -276.13676128
179.0  -276.18402193
179.5  -276.98173669
180.0  -278.04872654
180.5  -278.88908421
181.0  -279.27937049
181.5  -279.23175892
182.0  -278.86141005
182.5  -278.29429192
183.0  -277.63026638
183.5  -276.93873028
184.0  -276.26355347
184.5  -275.63075211
185.0  -275.05430909
185.5  -274.54027282
186.0  -274.08999682
186.5  -273.70101538
187.0  -273.36862493
187.5  -273.08662748
188.0  -272.84692528
188.5  -272.64060757
189.0  -272.45784217
189.5  -272.28862859
190.0  -272.12343212
190.5  -271.95476469
191.0  -271.77926491
191.5  -271.59952505
192.0  -271.4246591
192.5  -271.26960467
193.0  -271.15019829
193.5  -271.07905031
194.0  -271.05890713
194.5  -271.08176176
195.0  -271.13119969
195.5  -271.18764306
196.0  -271.23378898
196.5  -271.25834714
197.0  -271.25724304
197.5  -271.23233306
198.0  -271.18965377
198.5  -271.13722659
199.0  -271.08343728
199.5  -271.03625549
200.0  -271.00216754
200.5  -270.98647836
201.0  -270.99293179
201.5  -271.02416332
202.0  -271.08121584
202.5  -271.16431305
203.0  -271.27253013
203.5  -271.40385407
204.0  -271.55547313
204.5  -271.72392402
205.0  -271.90493946
205.5  -272.094438
206.0  -272.28870777
206.5  -272.48533381
207.0  -272.68437622
207.5  -272.8891666
208.0  -273.10790846
208.5  -273.3528037
209.0  -273.64033597
209.5  -273.98845703
210.0  -274.41374292
210.5  -274.92864093
211.0  -275.53805023
211.5  -276.23764776
212.0  -277.01286391
212.5  -277.83675362
213.0  -278.66447743
213.5  -279.42346145
214.0  -279.9962907
214.5  -280.20111444
215.0  -279.78909626
215.5  -278.52128908
216.0  -276.42380025
216.5  -274.1789202
217.0  -273.09425115
217.5  -273.99307955
218.0  -276.14690354
218.5  -277.93691053
219.0  -278.18368497
219.5  -276.6742349
220.0  -274.26004299
220.5  -272.65363373
221.0  -273.18497866
221.5  -275.44861623
222.0  -277.94733163
222.5  -279.64280619
223.0  -280.34126547
223.5  -280.2728414
224.0  -279.73001714
224.5  -278.93990888
225.0  -278.05591679
225.5  -277.17692027
226.0  -276.36756093
226.5  -275.66468338
227.0  -275.08334075
227.5  -274.6183664
228.0  -274.24986051
228.5  -273.94948042
229.0  -273.68842402
229.5  -273.44355199
230.0  -273.19956914
230.5  -272.94941989
231.0  -272.69267604
231.5  -272.43324372
232.0  -272.17731618
232.5  -271.93174367
233.0  -271.70318654
233.5  -271.49724249
234.0  -271.31889035
234.5  -271.17163316
235.0  -271.05819045
235.5  -270.98007885
236.0  -270.93780203
236.5  -270.93114683
237.0  -270.95852818
237.5  -271.01743515
238.0  -271.10388493
238.5  -271.21208494
239.0  -271.33450484
239.5  -271.46136403
240.0  -271.58122856
240.5  -271.68120871
241.0  -271.74885052
241.5  -271.77486645
242.0  -271.75711629
242.5  -271.7046332
243.0  -271.64023597
243.5  -271.59830537
244.0  -271.61763877
244.5  -271.72772016
245.0  -271.94027003
245.5  -272.24506031
246.0  -272.61769197
246.5  -273.03098993
247.0  -273.46365509
247.5  -273.90553618
248.0  -274.35601122
248.5  -274.82154159
249.0  -275.31086474
249.5  -275.83110259
250.0  -276.38427398
250.5  -276.96161158
251.0  -277.53906605
251.5  -278.06751743
252.0  -278.46281952
252.5  -278.59671397
253.0  -278.30411354
253.5  -277.44341219
254.0  -276.05315075
254.5  -274.56959205
255.0  -273.81835316
255.5  -274.45749925
256.0  -276.29137911
256.5  -278.37851749
257.0  -279.72795279
257.5  -279.6863855
258.0  -277.97886332
258.5  -274.94788307
259.0  -272.02416008
259.5  -271.24538122
260.0  -273.2063389
260.5  -276.35519297
261.0  -278.92393305
261.5  -280.24929466
262.0  -280.46239872
262.5  -279.90571178
263.0  -278.88834971
263.5  -277.6648573
264.0  -276.46392372
264.5  -275.48862048
265.0  -274.86898727
265.5  -274.61441375
266.0  -274.61889888
266.5  -274.72605339
267.0  -274.79995775
267.5  -274.76579831
268.0  -274.60580576
268.5  -274.33812978
269.0  -273.99566364
269.5  -273.6129995
270.0  -273.21997446
270.5  -272.83982405
271.0  -272.48908385
271.5  -272.17971996
272.0  -271.91976582
272.5  -271.71418398
273.0  -271.56642263
273.5  -271.47880487
274.0  -271.45221759
274.5  -271.48748426
275.0  -271.5848875
275.5  -271.7444797
276.0  -271.96527754
276.5  -272.24597663
277.0  -272.58375299
277.5  -272.97410268
278.0  -273.40977999
278.5  -273.87938674
279.0  -274.36684953
279.5  -274.84915388
280.0  -275.29618135
280.5  -275.67258557
281.0  -275.94311559
281.5  -276.08598863
282.0  -276.11518963
282.5  -276.10239236
283.0  -276.18315922
283.5  -276.51615945
284.0  -277.19861052
284.5  -278.18491704
285.0  -279.26138287
285.5  -280.081762
286.0  -280.20806089
286.5  -279.1753816
287.0  -276.73353723
287.5  -273.45560793
288.0  -271.17034351
288.5  -271.67703987
289.0  -274.48740631
289.5  -277.40829091
290.0  -278.89160648
290.5  -278.70458322
291.0  -277.42335854
291.5  -275.98763064
292.0  -275.2854218
292.5  -275.64013186
293.0  -276.67336256
293.5  -277.74834578
294.0  -278.44880018
294.5  -278.67374534
295.0  -278.50690011
295.5  -278.08242541
296.0  -277.51823934
296.5  -276.89994477
297.0  -276.28237274
297.5  -275.69820838
298.0  -275.1649547
298.5  -274.68917926
299.0  -274.27090094
299.5  -273.9056223
300.0  -273.58499181
300.5  -273.29837707
301.0  -273.03373904
301.5  -272.77927861
302.0  -272.52491974
302.5  -272.26509547
303.0  -272.0017274
303.5  -271.74639691
304.0  -271.51874611
304.5  -271.34238069
305.0  -271.23511525
305.5  -271.20179784
306.0  -271.23075815
306.5  -271.2966553
307.0  -271.37089507
307.5  -271.42861438
308.0  -271.45469339
308.5  -271.44447608
309.0  -271.40145383
309.5  -271.33442832
310.0  -271.25402814
310.5  -271.17131629
311.0  -271.09585848
311.5  -271.03577539
312.0  -270.99736098
312.5  -270.98510655
313.0  -271.0022294
313.5  -271.05066207
314.0  -271.13072189
314.5  -271.24215614
315.0  -271.3835774
315.5  -271.55264432
316.0  -271.74600164
316.5  -271.95950706
317.0  -272.18861174
317.5  -272.42792853
318.0  -272.67275808
318.5  -272.92006283
319.0  -273.16918938
319.5  -273.42344622
320.0  -273.69212872
320.5  -273.99050436
321.0  -274.33873558
321.5  -274.75926812
322.0  -275.27196221
322.5  -275.88922763
323.0  -276.610517
323.5  -277.41931294
324.0  -278.27853518
324.5  -279.12519264
325.0  -279.85727867
325.5  -280.31503676
326.0  -280.26359804
326.5  -279.41733752
327.0  -277.60048551
327.5  -275.13221787
328.0  -273.15249884
328.5  -273.01483252
329.0  -274.78141646
329.5  -276.97616976
330.0  -278.0251346
330.5  -277.29460965
331.0  -275.2608065
331.5  -273.36662684
332.0  -273.15517903
332.5  -274.84429039
333.0  -277.24442137
333.5  -279.15046868
334.0  -280.12862609
334.5  -280.2945307
335.0  -279.91995339
335.5  -279.24315122
336.0  -278.42890382
336.5  -277.58271735
337.0  -276.76874755
337.5  -276.02620893
338.0  -275.3750701
338.5  -274.82195468
339.0  -274.36139808
339.5  -273.98017527
340.0  -273.66009334
340.5  -273.38214063
341.0  -273.13049173
341.5  -272.89302981
342.0  -272.66269477
342.5  -272.43692053
343.0  -272.21620606
343.5  -272.00346867
344.0  -271.80259553
344.5  -271.61744154
345.0  -271.45233204
345.5  -271.31046423
346.0  -271.19441414
346.5  -271.10582211
347.0  -271.04538128
347.5  -271.01291495
348.0  -271.00692852
348.5  -271.02480975
349.0  -271.06228183
349.5  -271.11393175
350.0  -271.17259669
350.5  -271.22971636
351.0  -271.27617375
351.5  -271.30290538
352.0  -271.30301255
352.5  -271.27407337
353.0  -271.22015141
353.5  -271.15384436
354.0  -271.09449289
354.5  -271.06464156
355.0  -271.08316685
355.5  -271.1590914
356.0  -271.28870305
356.5  -271.45754276
357.0  -271.6471428
357.5  -271.84055724
358.0  -272.02754163
358.5  -272.20567568
359.0  -272.37890827
359.5  -272.5554501
360.0  -272.74577673
360.5  -272.96069372
361.0  -273.21053072
361.5  -273.50454491
362.0  -273.85068618
362.5  -274.25524015
363.0  -274.72239202
363.5  -275.25311577
364.0  -275.84439755
364.5  -276.48692417
365.0  -277.16185885
365.5  -277.83552158
366.0  -278.45353199
366.5  -278.93282189
367.0  -279.16072414
367.5  -279.0116944
368.0  -278.40756802
368.5  -277.43571222
369.0  -276.46223334
369.5  -276.03362352
370.0  -276.44745032
370.5  -277.34737987
371.0  -277.83264058
371.5  -277.02413172
372.0  -274.7296672
372.5  -272.05388278
373.0  -271.08426535
373.5  -272.81215863
374.0  -275.90481647
374.5  -278.47499184
375.0  -279.73653308
375.5  -279.85676789
376.0  -279.31644881
376.5  -278.5643185
377.0  -277.90102618
377.5  -277.45308491
378.0  -277.1982699
378.5  -277.03707062
379.0  -276.86496558
379.5  -276.61524898
380.0  -276.26659704
380.5  -275.82992637
381.0  -275.33118906
381.5  -274.79967994
382.0  -274.26192194
382.5  -273.73941166
383.0  -273.24734003
383.5  -272.7968756
384.0  -272.39555187
384.5  -272.04798781
385.0  -271.75680861
385.5  -271.5240935
386.0  -271.35024698
386.5  -271.23578798
387.0  -271.18072556
387.5  -271.18507602
388.0  -271.24891539
388.5  -271.37193727
389.0  -271.55367853
389.5  -271.79360518
390.0  -272.09035387
390.5  -272.44152077
391.0  -272.84303253
391.5  -273.2893365
392.0  -273.77073511
392.5  -274.27396954
393.0  -274.78044145
393.5  -275.26651682
394.0  -275.70383055
394.5  -276.06437389
395.0  -276.32922599
395.5  -276.50420073
396.0  -276.63627035
396.5  -276.81826887
397.0  -277.16744416
397.5  -277.76604492
398.0  -278.5896471
398.5  -279.46392733
399.0  -280.06230831
399.5  -279.94006942
400.0  -278.63527305
400.5  -276.00100791
401.0  -272.85238116
401.5  -271.12201374
402.0  -272.17103726
402.5  -274.97044022
403.0  -277.3721206
403.5  -278.20829606
404.0  -277.60628818
404.5  -276.42466664
405.0  -275.6677142
405.5  -275.8810615
406.0  -276.85751866
406.5  -277.98467606
407.0  -278.78163502
407.5  -279.09072471
408.0  -278.97179779
408.5  -278.55854807
409.0  -277.97748397
409.5  -277.32299064
410.0  -276.65713934
410.5  -276.01826274
411.0  -275.42720316
411.5  -274.89439283
412.0  -274.42246914
412.5  -274.00973734
413.0  -273.6512884
413.5  -273.33944973
414.0  -273.06562032
414.5  -272.81987451
415.0  -272.59258623
415.5  -272.3749824
416.0  -272.16094805
416.5  -271.94854322
417.0  -271.74164219
417.5  -271.54989497
418.0  -271.38703088
418.5  -271.26623262
419.0  -271.19550788
419.5  -271.17299327
420.0  -271.18812357
420.5  -271.22347089
421.0  -271.26053554
421.5  -271.28463329
422.0  -271.2870404
422.5  -271.26550187
423.0  -271.22305147
423.5  -271.16591254
424.0  -271.10188179
424.5  -271.03883103
425.0  -270.98384394
425.5  -270.94301171
426.0  -270.9207795
426.5  -270.9205819
427.0  -270.94395785
427.5  -270.99192513
428.0  -271.06382441
428.5  -271.15810549
429.0  -271.27199086
429.5  -271.40180965
430.0  -271.54292053
430.5  -271.69022679
431.0  -271.83871092
431.5  -271.983636
432.0  -272.1223058
432.5  -272.25499577
433.0  -272.38607214
433.5  -272.52486606
434.0  -272.6855806
434.5  -272.88556373
435.0  -273.14262931
435.5  -273.47163434
436.0  -273.88255168
436.5  -274.37820334
437.0  -274.95615142
437.5  -275.60817098
438.0  -276.32231587
438.5  -277.08196406
439.0  -277.86175888
439.5  -278.62102533
440.0  -279.29045623
440.5  -279.75476539
441.0  -279.83590958
441.5  -279.30142552
442.0  -277.96182692
442.5  -275.9346794
443.0  -273.97839393
443.5  -273.3110346
444.0  -274.51134783
444.5  -276.74845791
445.0  -278.53108235
445.5  -278.79803131
446.0  -277.27163424
446.5  -274.59492217
447.0  -272.41383411
447.5  -272.40269881
448.0  -274.55108405
448.5  -277.30617404
449.0  -279.34183102
449.5  -280.29252875
450.0  -280.3572086
450.5  -279.85120889
451.0  -279.03171336
451.5  -278.07940215
452.0  -277.12074747
452.5  -276.24677881
453.0  -275.51681897
453.5  -274.95664257
454.0  -274.55610842
454.5  -274.27771748
455.0  -274.07007042
455.5  -273.88547426
456.0  -273.68987351
456.5  -273.46554641
457.0  -273.20938272
457.5  -272.92755233
458.0  -272.63084135
458.5  -272.33154624
459.0  -272.04117434
459.5  -271.76954112
460.0  -271.52459982
460.5  -271.31208983
461.0  -271.1368651
461.5  -271.00184745
462.0  -270.90914731
462.5  -270.86004487
463.0  -270.85520471
463.5  -270.89461248
464.0  -270.97746397
464.5  -271.10264019
465.0  -271.26776796
465.5  -271.46971121
466.0  -271.70396031
466.5  -271.96404052
467.0  -272.24191378
467.5  -272.52731656
468.0  -272.80805193
468.5  -273.07107444
469.0  -273.3046545
469.5  -273.50191045
470.0  -273.66566316
470.5  -273.81350574
471.0  -273.98075059
471.5  -274.21723679
472.0  -274.57666353
472.5  -275.0987828
473.0  -275.79481311
473.5  -276.64295235
474.0  -277.58921582
474.5  -278.55604348
475.0  -279.44168719
475.5  -280.10504665
476.0  -280.34046592
476.5  -279.86551653
477.0  -278.39502592
477.5  -275.93941963
478.0  -273.30842839
478.5  -272.10148318
479.0  -273.30325667
479.5  -275.99995918
480.0  -278.35713677
480.5  -279.18159691
481.0  -278.2308303
481.5  -276.03140937
482.0  -273.8324508
482.5  -273.08778633
483.0  -274.25373677
483.5  -276.40508462
484.0  -278.33731014
484.5  -279.47854483
485.0  -279.83634004
485.5  -279.63694178
486.0  -279.10484906
486.5  -278.40008898
487.0  -277.62278558
487.5  -276.83265811
488.0  -276.06641364
488.5  -275.34885826
489.0  -274.69957782
489.5  -274.13406
490.0  -273.66338697
490.5  -273.290537
491.0  -273.00867176
491.5  -272.80172119
492.0  -272.64720087
492.5  -272.52160393
493.0  -272.40416727
493.5  -272.28075102
494.0  -272.14439152
494.5  -271.99410301
495.0  -271.83329664
495.5  -271.66795633
496.0  -271.50508042
496.5  -271.35135674
497.0  -271.21297722
497.5  -271.09514273
498.0  -271.00148735
498.5  -270.93505202
499.0  -270.89702622
499.5  -270.88802749
500.0  -270.90696489
500.5  -270.95191776
501.0  -271.01927257
501.5  -271.10411328
502.0  -271.19988649
502.5  -271.29829838
503.0  -271.3902091
503.5  -271.46583252
504.0  -271.51642863
504.5  -271.5366938
505.0  -271.52717063
505.5  -271.49672041
506.0  -271.46305733
506.5  -271.45063853
507.0  -271.48496066
507.5  -271.58447899
508.0  -271.75572072
508.5  -271.99174499
509.0  -272.27690615
509.5  -272.59381347
510.0  -272.92934357
510.5  -273.27732495
511.0  -273.63856956
511.5  -274.01930619
512.0  -274.42818835
512.5  -274.87461824
513.0  -275.36546989
513.5  -275.90404969
514.0  -276.48585969
514.5  -277.09631784
515.0  -277.70321482
515.5  -278.24912114
516.0  -278.64185165
516.5  -278.74810418
517.0  -278.41101155
517.5  -277.52503866
518.0  -276.2016878
518.5  -274.94418244
519.0  -274.52706049
519.5  -275.39987349
520.0  -277.15821668
520.5  -278.80161644
521.0  -279.36547548
521.5  -278.2676973
522.0  -275.5721161
522.5  -272.47499617
523.0  -271.1334113
523.5  -272.68255436
524.0  -275.85034437
524.5  -278.65010678
525.0  -280.16474754
525.5  -280.45066213
526.0  -279.88946339
526.5  -278.86397736
527.0  -277.69725369
527.5  -276.65015452
528.0  -275.89855413
528.5  -275.4934047
529.0  -275.36223692
529.5  -275.36519735
530.0  -275.36687104
530.5  -275.28300196
531.0  -275.08483692
531.5  -274.78221975
532.0  -274.40381534
532.5  -273.98216739
533.0  -273.5466152
533.5  -273.12079516
534.0  -272.72173988
534.5  -272.36187639
535.0  -272.0494756
535.5  -271.78997123
536.0  -271.5869446
536.5  -271.44229605
537.0  -271.35766192
537.5  -271.33325593
538.0  -271.36992289
538.5  -271.46772689
539.0  -271.62647492
539.5  -271.84548198
540.0  -272.12388446
540.5  -272.45937611
541.0  -272.84812867
541.5  -273.28425591
542.0  -273.7587742
542.5  -274.25755711
543.0  -274.76159139
543.5  -275.24508357
544.0  -275.67640078
544.5  -276.02244373
545.0  -276.25713721
545.5  -276.37951562
546.0  -276.43443881
546.5  -276.52460247
547.0  -276.79001319
547.5  -277.34450554
548.0  -278.19014805
548.5  -279.16570886
549.0  -279.95332693
549.5  -280.1151042
550.0  -279.16723103
550.5  -276.82561598
551.0  -273.59715397
551.5  -271.24617927
552.0  -271.59385711
552.5  -274.25752729
553.0  -277.08783889
553.5  -278.51110504
554.0  -278.30715312
554.5  -277.12042648
555.0  -275.93535217
555.5  -275.5599986
556.0  -276.14694914
556.5  -277.22358514
557.0  -278.1997677
557.5  -278.75227163
558.0  -278.84333556
558.5  -278.57786457
559.0  -278.08747988
559.5  -277.48170366
560.0  -276.83737142
560.5  -276.20342927
561.0  -275.60865175
561.5  -275.06795443
562.0  -274.58723111
562.5  -274.16646081
563.0  -273.80118103
563.5  -273.4843086
564.0  -273.20637998
564.5  -272.9563177
565.0  -272.72297302
565.5  -272.49573846
566.0  -272.2667487
566.5  -272.03321053
567.0  -271.7997859
567.5  -271.57924672
568.0  -271.39080085
568.5  -271.25309864
569.0  -271.17864588
569.5  -271.16656316
570.0  -271.20237886
570.5  -271.26299544
571.0  -271.32392319
571.5  -271.3658728
572.0  -271.37824054
572.5  -271.35920526
573.0  -271.3132194
573.5  -271.24873152
574.0  -271.17558622
574.5  -271.10327033
575.0  -271.04029335
575.5  -270.99380266
576.0  -270.96893048
576.5  -270.96958655
577.0  -270.99808097
577.5  -271.05564874
578.0  -271.14215786
578.5  -271.25664451
579.0  -271.39703443
579.5  -271.56026303
580.0  -271.74227588
580.5  -271.93849581
581.0  -272.14378145
581.5  -272.35327176
582.0  -272.56305205
582.5  -272.77179087
583.0  -272.9816485
583.5  -273.19977023
584.0  -273.43927477
584.5  -273.71790142
585.0  -274.05700049
585.5  -274.4767025
586.0  -274.99261225
586.5  -275.61102996
587.0  -276.32717186
587.5  -277.12337126
588.0  -277.9676971
588.5  -278.80835771
589.0  -279.56310984
589.5  -280.1016041
590.0  -280.22451628
590.5  -279.66822573
591.0  -278.20481519
591.5  -275.94407747
592.0  -273.72985812
592.5  -272.94509637
593.0  -274.20517946
593.5  -276.49394904
594.0  -278.15007258
594.5  -278.14365966
595.0  -276.4435408
595.5  -274.05444675
596.0  -272.702736
596.5  -273.4986124
597.0  -275.81979137
597.5  -278.19911126
598.0  -279.73507157
598.5  -280.31553342
599.0  -280.1831657
599.5  -279.61708931
600.0  -278.82762997
600.5  -277.95408317
601.0  -277.08649358
601.5  -276.28259762
602.0  -275.57753358
602.5  -274.98714857
603.0  -274.50982007
603.5  -274.13096274
604.0  -273.82538668
604.5  -273.56678963
605.0  -273.33155453
605.5  -273.10274242
606.0  -272.8710314
606.5  -272.63386912
607.0  -272.39319627
607.5  -272.15409866
608.0  -271.92270444
608.5  -271.70536959
609.0  -271.50785878
609.5  -271.33495785
610.0  -271.19062068
610.5  -271.07764381
611.0  -270.99754892
611.5  -270.95145767
612.0  -270.93866722
612.5  -270.95802491
613.0  -271.0068341
613.5  -271.08102953
614.0  -271.17488144
614.5  -271.28080704
615.0  -271.38925982
615.5  -271.48916451
616.0  -271.56836963
616.5  -271.61591904
617.0  -271.62418038
617.5  -271.59290647
618.0  -271.53279599
618.5  -271.4666737
619.0  -271.42644
619.5  -271.44546758
620.0  -271.54729971
620.5  -271.73780635
621.0  -272.00447765
621.5  -272.32371418
622.0  -272.67122913
622.5  -273.02966658
623.0  -273.39175244
623.5  -273.75934252
624.0  -274.14049226
624.5  -274.54600012
625.0  -274.98648265
625.5  -275.46964875
626.0  -275.99805897
626.5  -276.56590684
627.0  -277.15413832
627.5  -277.72497339
628.0  -278.21217282
628.5  -278.51221681
629.0  -278.48361624
629.5  -277.97665326
630.0  -276.93441553
630.5  -275.57495704
631.0  -274.51326234
631.5  -274.49771033
632.0  -275.75091725
632.5  -277.6625711
633.0  -279.22928226
633.5  -279.60834818
634.0  -278.32587411
634.5  -275.50401298
635.0  -272.37224951
635.5  -271.0780604
636.0  -272.68884498
636.5  -275.87978628
637.0  -278.67568092
637.5  -280.18531911
638.0  -280.46983736
638.5  -279.89873991
639.0  -278.84008737
639.5  -277.61078062
640.0  -276.4844569
640.5  -275.66535961
641.0  -275.23285226
641.5  -275.12573697
642.0  -275.19037722
642.5  -275.26830352
643.0  -275.25520777
643.5  -275.11214163
644.0  -274.84767235
644.5  -274.49316293
645.0  -274.08504035
645.5  -273.65680162
646.0  -273.2345673
646.5  -272.83770221
647.0  -272.48012386
647.5  -272.17108254
648.0  -271.91623798
648.5  -271.71954116
649.0  -271.58342832
649.5  -271.50876984
650.0  -271.49652335
650.5  -271.54677781
651.0  -271.65905687
651.5  -271.83223197
652.0  -272.06480484
652.5  -272.35364246
653.0  -272.69357666
653.5  -273.07724236
654.0  -273.49267075
654.5  -273.9231719
655.0  -274.34534427
655.5  -274.72859002
656.0  -275.03693489
656.5  -275.23541572
657.0  -275.30316482
657.5  -275.25633692
658.0  -275.17115971
658.5  -275.18794531
659.0  -275.47290341
659.5  -276.13456523
660.0  -277.1533304
660.5  -278.36897829
661.0  -279.5282906
661.5  -280.32806301
662.0  -280.41690386
662.5  -279.40622827
663.0  -277.05574395
663.5  -273.82104598
664.0  -271.3645069
664.5  -271.55904718
665.0  -274.25507869
665.5  -277.40663238
666.0  -279.32130737
666.5  -279.52477765
667.0  -278.31856291
667.5  -276.42810095
668.0  -274.84291048
668.5  -274.38758101
669.0  -275.14365487
669.5  -276.47739243
670.0  -277.67133243
670.5  -278.36773321
671.0  -278.5486061
671.5  -278.34624961
672.0  -277.91054588
672.5  -277.35925712
673.0  -276.77063697
673.5  -276.19181809
674.0  -275.64783257
674.5  -275.1485371
675.0  -274.69428234
675.5  -274.27885475
676.0  -273.89265206
676.5  -273.52453457
677.0  -273.16476542
677.5  -272.80822189
678.0  -272.45779074
678.5  -272.12632328
679.0  -271.83575051
679.5  -271.61118706
680.0  -271.47098449
680.5  -271.41778774
681.0  -271.43571617
681.5  -271.49463603
682.0  -271.56097628
682.5  -271.60726049
683.0  -271.61751608
683.5  -271.58749319
684.0  -271.52191297
684.5  -271.43059927
685.0  -271.32538446
685.5  -271.21798647
686.0  -271.11866879
686.5  -271.03574723
687.0  -270.97584643
687.5  -270.94370437
688.0  -270.94248949
688.5  -270.97421511
689.0  -271.03959708
689.5  -271.13837536
690.0  -271.26923853
690.5  -271.42977215
691.0  -271.61663749
691.5  -271.82541083
692.0  -272.05064674
692.5  -272.28628705
693.0  -272.52601678
693.5  -272.76415993
694.0  -272.99722856
694.5  -273.22581472
695.0  -273.45605237
695.5  -273.70181951
696.0  -273.98362989
696.5  -274.32777266
697.0  -274.76000793
697.5  -275.30031642
698.0  -275.95642505
698.5  -276.72014495
699.0  -277.5647701
699.5  -278.44379258
700.0  -279.28336744
700.5  -279.9689406
701.0  -280.32417034
701.5  -280.09694936
702.0  -279.0039597
702.5  -276.94507861
703.0  -274.43378873
703.5  -272.79475044
704.0  -273.23166212
704.5  -275.37493923
705.0  -277.56437809
705.5  -278.3808972
706.0  -277.39456868
706.5  -275.19834268
707.0  -273.27417661
707.5  -273.12312739
708.0  -274.86472126
708.5  -277.26238417
709.0  -279.13447342
709.5  -280.07903023
710.0  -280.22473155
710.5  -279.84196544
711.0  -279.16303602
711.5  -278.34713221
712.0  -277.49564783
712.5  -276.67232475
713.0  -275.9172573
713.5  -275.25421594
714.0  -274.69349859
714.5  -274.23340763
715.0  -273.86183556
715.5  -273.55982797
716.0  -273.30618029
716.5  -273.08077617
717.0  -272.86828864
717.5  -272.65917893
718.0  -272.44912417
718.5  -272.23828548
719.0  -272.0298097
719.5  -271.82815404
720.0  -271.63854562
720.5  -271.4659079
721.0  -271.31462935
721.5  -271.18806326
722.0  -271.08879485
722.5  -271.01844896
723.0  -270.97744369
723.5  -270.96505766
724.0  -270.97958566
724.5  -271.01778062
725.0  -271.07502397
725.5  -271.14508138
726.0  -271.2201646
726.5  -271.29093608
727.0  -271.34750536
727.5  -271.38047535
728.0  -271.38311198
728.5  -271.35406947
729.0  -271.29982889
729.5  -271.23607844
730.0  -271.18566165
730.5  -271.17369987
731.0  -271.21969405
731.5  -271.33096028
732.0  -271.50083884
732.5  -271.71220392
733.0  -271.94505251
733.5  -272.18312838
734.0  -272.41792242
734.5  -272.64935653
735.0  -272.88293153
735.5  -273.12865531
736.0  -273.39758695
736.5  -273.7010117
737.0  -274.04916223
737.5  -274.45033848
738.0  -274.90975577
738.5  -275.42948761
739.0  -276.00583147
739.5  -276.62715978
740.0  -277.26983202
740.5  -277.89202927
741.0  -278.42653696
741.5  -278.77378169
742.0  -278.80562514
742.5  -278.39957924
743.0  -277.5319006
743.5  -276.42529275
744.0  -275.61348667
744.5  -275.67112436
745.0  -276.68171832
745.5  -278.00609294
746.0  -278.6551587
746.5  -277.82106281
747.0  -275.36143441
747.5  -272.36790417
748.0  -271.01843132
748.5  -272.55506502
749.0  -275.7348185
749.5  -278.5149148
750.0  -279.94827228
750.5  -280.12351965
751.0  -279.49603833
751.5  -278.5310203
752.0  -277.59535816
752.5  -276.9141219
753.0  -276.5455516
753.5  -276.40857356
754.0  -276.36204659
754.5  -276.28185744
755.0  -276.09964914
755.5  -275.8005726
756.0  -275.40307318
756.5  -274.93943916
757.0  -274.44279819
757.5  -273.94162796
758.0  -273.45795265
758.5  -273.00758392
759.0  -272.60140102
759.5  -272.24651113
760.0  -271.94763722
760.5  -271.70743259
761.0  -271.52721451
761.5  -271.40801034
762.0  -271.35000274
762.5  -271.35293459
763.0  -271.41686189
763.5  -271.54071981
764.0  -271.72396297
764.5  -271.96415825
765.0  -272.25847494
765.5  -272.6023192
766.0  -272.9877074
766.5  -273.40418003
767.0  -273.8355151
767.5  -274.26007012
768.0  -274.64988864
768.5  -274.9725374
769.0  -275.19688138
769.5  -275.30559837
770.0  -275.31411751
770.5  -275.29090604
771.0  -275.36010196
771.5  -275.66919772
772.0  -276.31802657
772.5  -277.29511695
773.0  -278.45860515
773.5  -279.57225244
774.0  -280.33709124
774.5  -280.39668541
775.0  -279.35549838
775.5  -276.97981739
776.0  -273.75799441
776.5  -271.38196759
777.0  -271.67803603
777.5  -274.39491021
778.0  -277.45844665
778.5  -279.21416473
779.0  -279.23673711
779.5  -277.89800609
780.0  -276.02774654
780.5  -274.6775226
781.0  -274.57000288
781.5  -275.58161499
782.0  -276.97494564
782.5  -278.0845757
783.0  -278.65033068
783.5  -278.71333326
784.0  -278.42463999
784.5  -277.9320066
785.0  -277.34481262
785.5  -276.73380404
786.0  -276.14021357
786.5  -275.5848613
787.0  -275.07559357
787.5  -274.61158939
788.0  -274.18673071
788.5  -273.79241814
789.0  -273.41950505
789.5  -273.06075628
790.0  -272.71408754
790.5  -272.38388464
791.0  -272.08212311
791.5  -271.8264571
792.0  -271.63408187
792.5  -271.51506901
793.0  -271.46635094
793.5  -271.47103678
794.0  -271.50384379
794.5  -271.53881095
795.0  -271.55557951
795.5  -271.54278515
796.0  -271.49819672
796.5  -271.42629362
797.0  -271.33531113
797.5  -271.23519451
798.0  -271.1357115
798.5  -271.04542998
799.0  -270.97143247
799.5  -270.91921963
800.0  -270.89257891
800.5  -270.89419994
801.0  -270.92509248
801.5  -270.98531118
802.0  -271.07355889
802.5  -271.18776658
803.0  -271.32421257
803.5  -271.47819461
804.0  -271.6440472
804.5  -271.81487119
805.0  -271.98369593
805.5  -272.14403066
806.0  -272.29133268
806.5  -272.42473229
807.0  -272.54946759
807.5  -272.6771546
808.0  -272.82721339
808.5  -273.02297021
809.0  -273.28860748
809.5  -273.64367201
810.0  -274.09810899
810.5  -274.65192711
811.0  -275.29584599
811.5  -276.01408955
812.0  -276.78608355
812.5  -277.58600154
813.0  -278.37653851
813.5  -279.09837271
814.0  -279.65304081
814.5  -279.88268992
815.0  -279.56288891
815.5  -278.45978312
816.0  -276.53921333
816.5  -274.33783071
817.0  -273.05864999
817.5  -273.69397694
818.0  -275.86416578
818.5  -278.11313633
819.0  -279.1482843
819.5  -278.41044195
820.0  -276.11832329
820.5  -273.42972333
821.0  -272.16020071
821.5  -273.27498716
822.0  -275.85694063
822.5  -278.31592685
823.0  -279.81474949
823.5  -280.32114021
824.0  -280.11276259
824.5  -279.47185225
825.0  -278.60444323
825.5  -277.65038956
826.0  -276.70962723
826.5  -275.85762364
827.0  -275.14706686
827.5  -274.60314619
828.0  -274.21967316
828.5  -273.96212502
829.0  -273.78104392
829.5  -273.62795737
830.0  -273.46615477
830.5  -273.27564809
831.0  -273.05117069
831.5  -272.79777778
832.0  -272.52566251
832.5  -272.24740115
833.0  -271.97467327
833.5  -271.71774172
834.0  -271.48503988
834.5  -271.28290271
835.0  -271.11621232
835.5  -270.98843126
836.0  -270.90166422
836.5  -270.8574462
837.0  -270.85627292
837.5  -270.89843938
838.0  -270.9830254
838.5  -271.10852871
839.0  -271.27280091
839.5  -271.47209351
840.0  -271.70168085
840.5  -271.95487977
841.0  -272.22317687
841.5  -272.49599682
842.0  -272.76133247
842.5  -273.0064803
843.0  -273.2207902
843.5  -273.3993698
844.0  -273.54780454
844.5  -273.68696307
845.0  -273.85437094
845.5  -274.09955926
846.0  -274.47253265
846.5  -275.00708735
847.0  -275.7097681
847.5  -276.55403503
848.0  -277.48892319
848.5  -278.442672
849.0  -279.32289041
849.5  -280.00190622
850.0  -280.29080753
850.5  -279.92345283
851.0  -278.61157498
851.5  -276.30252736
852.0  -273.65993606
852.5  -272.19329323
853.0  -273.06432019
853.5  -275.63991331
854.0  -278.14051132
854.5  -279.24430382
855.0  -278.56144654
855.5  -276.46773981
856.0  -274.0833614
856.5  -272.93861951
857.0  -273.79182133
857.5  -275.91158682
858.0  -278.00752909
858.5  -279.346274
859.0  -279.85444435
859.5  -279.74562944
860.0  -279.2575035
860.5  -278.56573789
861.0  -277.78222866
861.5  -276.97437543
862.0  -276.18422491
862.5  -275.4413137
863.0  -274.76959001
863.5  -274.18793307
864.0  -273.70985034
864.5  -273.33808944
865.0  -273.06376535
865.5  -272.8672348
866.0  -272.72183969
866.5  -272.60129756
867.0  -272.48341483
867.5  -272.35442254
868.0  -272.20847337
868.5  -272.04600808
869.0  -271.8722257
869.5  -271.69415139
870.0  -271.5196571
870.5  -271.35624175
871.0  -271.21019145
871.5  -271.08668882
872.0  -270.98969543
872.5  -270.92202334
873.0  -270.88517493
873.5  -270.87936586
874.0  -270.90396275
874.5  -270.95685124
875.0  -271.03470979
875.5  -271.13264057
876.0  -271.24408094
876.5  -271.36085569
877.0  -271.47319803
877.5  -271.57050551
878.0  -271.64285035
878.5  -271.68294533
879.0  -271.68922079
879.5  -271.66872501
880.0  -271.63874316
880.5  -271.62569502
881.0  -271.65943332
881.5  -271.76441738
882.0  -271.95281994
882.5  -272.22127617
883.0  -272.55438097
883.5  -272.93286784
884.0  -273.34004947
884.5  -273.76672811
885.0  -274.21099539
885.5  -274.67713284
886.0  -275.17191631
886.5  -275.70139047
887.0  -276.26731878
887.5  -276.86387832
888.0  -277.47110898
888.5  -278.04772018
889.0  -278.52047453
889.5  -278.77356613
890.0  -278.64797177
890.5  -277.98007299
891.0  -276.72671889
891.5  -275.18373273
892.0  -274.09708878
892.5  -274.27130551
893.0  -275.79800445
893.5  -277.86179068
894.0  -279.3769709
894.5  -279.54690314
895.0  -278.0101427
895.5  -275.06594356
896.0  -272.13172258
896.5  -271.28448514
897.0  -273.1992992
897.5  -276.35055594
898.0  -278.93626194
898.5  -280.26599974
899.0  -280.46972836
899.5  -279.90308842
900.0  -278.89221374
900.5  -277.70409618
901.0  -276.56730681
901.5  -275.66609028
902.0  -275.10048941
902.5  -274.85637515
903.0  -274.82573407
903.5  -274.8681712
904.0  -274.87011225
904.5  -274.77261512
905.0  -274.56462099
905.5  -274.26422132
906.0  -273.90169939
906.5  -273.50772889
907.0  -273.10873804
907.5  -272.72535191
908.0  -272.37267499
908.5  -272.0610343
909.0  -271.79780227
909.5  -271.58766057
910.0  -271.43362379
910.5  -271.33746957
911.0  -271.30086832
911.5  -271.32416541
912.0  -271.40840076
912.5  -271.5534773
913.0  -271.75975095
913.5  -272.02696058
914.0  -272.35415604
914.5  -272.73950391
915.0  -273.17951143
915.5  -273.66880274
916.0  -274.19839304
916.5  -274.75508854
917.0  -275.31962708
917.5  -275.86699036
918.0  -276.36546499
918.5  -276.78125332
919.0  -277.08631286
919.5  -277.27571931
920.0  -277.38694839
920.5  -277.51031002
921.0  -277.76928681
921.5  -278.25120456
922.0  -278.91405931
922.5  -279.52234629
923.0  -279.65095961
923.5  -278.78016131
924.0  -276.5788663
924.5  -273.49700067
925.0  -271.20267083
925.5  -271.43348591
926.0  -273.85549657
926.5  -276.44268
927.0  -277.74228879
927.5  -277.6586911
928.0  -276.92516531
928.5  -276.42084976
929.0  -276.61723127
929.5  -277.38061257
930.0  -278.25144491
930.5  -278.85251884
931.0  -279.04549724
931.5  -278.86922156
932.0  -278.43087786
932.5  -277.83785002
933.0  -277.17475705
933.5  -276.49973716
934.0  -275.84970702
934.5  -275.24709578
935.0  -274.70372387
935.5  -274.22497422
936.0  -273.81176596
936.5  -273.46149093
937.0  -273.16991319
937.5  -272.93023934
938.0  -272.73398238
938.5  -272.57136524
939.0  -272.43055803
939.5  -272.29839363
940.0  -272.16149758
940.5  -272.00804254
941.0  -271.83061182
941.5  -271.63002178
942.0  -271.41872914
942.5  -271.2201999
943.0  -271.06475958
943.5  -270.97790368
944.0  -270.97115029
944.5  -271.0348749
945.0  -271.14327539
945.5  -271.26311315
946.0  -271.36569291
946.5  -271.4330665
947.0  -271.45957975
947.5  -271.44935371
948.0  -271.41241866
948.5  -271.36093102
949.0  -271.30736704
949.5  -271.2625468
950.0  -271.23548191
950.5  -271.23312011
951.0  -271.26105805
951.5  -271.32291667
952.0  -271.42124785
952.5  -271.55775634
953.0  -271.73344254
953.5  -271.94805833
954.0  -272.20149347
954.5  -272.4927737
955.0  -272.8207086
955.5  -273.18374535
956.0  -273.58050496
956.5  -274.01005642
957.0  -274.47175853
957.5  -274.96663796
958.0  -275.49681851
958.5  -276.06625956
959.0  -276.67917215
959.5  -277.3385392
960.0  -278.04140508
960.5  -278.7707459
961.0  -279.48459543
961.5  -280.09938523
962.0  -280.47072066
962.5  -280.38144431
963.0  -279.57244844
963.5  -277.89101973
964.0  -275.60595836
964.5  -273.6360332
965.0  -273.03655429
965.5  -273.82561297
966.0  -274.82113622
966.5  -274.90795987
967.0  -274.11609306
967.5  -273.53578448
968.0  -274.21458271
968.5  -276.07688271
969.0  -278.16871829
969.5  -279.68623585
970.0  -280.399137
970.5  -280.44471826
971.0  -280.05554361
971.5  -279.42919767
972.0  -278.70011663
972.5  -277.94913865
973.0  -277.22053683
973.5  -276.53500586
974.0  -275.90018526
974.5  -275.31686643
975.0  -274.7825244
975.5  -274.29371073
976.0  -273.84758144
976.5  -273.44157509
977.0  -273.07422492
977.5  -272.74437306
978.0  -272.45148791
978.5  -272.19521555
979.0  -271.97521583
979.5  -271.79082522
980.0  -271.64118973
980.5  -271.5247104
981.0  -271.4391288
981.5  -271.38147192
982.0  -271.34742643
982.5  -271.33161387
983.0  -271.32733019
983.5  -271.32688168
984.0  -271.32170314
984.5  -271.30348866
985.0  -271.26557454
985.5  -271.20492773
986.0  -271.1241895
986.5  -271.03266064
987.0  -270.94563162
987.5  -270.88136613
988.0  -270.85547498
988.5  -270.87579393
989.0  -270.93915126
989.5  -271.03345602
990.0  -271.14105423
990.5  -271.24557727
991.0  -271.33496179
991.5  -271.40420951
992.0  -271.45460613
992.5  -271.49162745
993.0  -271.52350349
993.5  -271.55891084
994.0  -271.60633663
994.5  -271.6734329
995.0  -271.76660919
995.5  -271.89118138
996.0  -272.05144604
996.5  -272.25101025
997.0  -272.49268942
997.5  -272.77920021
998.0  -273.11257323
998.5  -273.49466275
999.0  -273.92793185
999.5  -274.41355019
1000.0  -274.9528793
