0.0  27676.4077
0.5  27253.6995
1.0  26127.9394
1.5  24544.5867
2.0  22690.7560
2.5  20702.4265
3.0  18676.0325
3.5  16678.9330
4.0  14757.5760
4.5  12943.4778
5.0  11257.4985
5.5  9712.9347
6.0  8317.7483
6.5  7076.1821
7.0  5989.9520
7.5  5059.1044
8.0  4282.6122
8.5  3658.7799
9.0  3185.4990
9.5  2860.3690
10.0  2680.6631
10.5  2643.1536
11.0  2743.7708
11.5  2977.0666
12.0  3335.4366
12.5  3808.0382
13.0  4379.4156
13.5  5027.7882
14.0  5723.1356
14.5  6425.4875
15.0  7084.2654
15.5  7640.2346
16.0  8032.6379
16.5  8214.8021
17.0  8179.2773
17.5  7988.3520
18.0  7794.3690
18.5  7825.0489
19.0  8319.2602
19.5  9433.3692
20.0  11174.6366
20.5  13407.0351
21.0  15919.0152
21.5  18497.9983
22.0  20964.3724
22.5  23153.0303
23.0  24854.6420
23.5  25736.0110
24.0  25274.7633
24.5  22807.3898
25.0  17921.0175
25.5  11391.8338
26.0  6024.9410
26.5  5378.8924
27.0  10283.3806
27.5  17742.6603
28.0  23924.9548
28.5  26667.7446
29.0  25407.4597
29.5  20534.4404
30.0  13600.4040
30.5  7700.0778
31.0  6119.4702
31.5  9487.5396
32.0  15256.3580
32.5  20410.3649
33.0  23541.0613
33.5  24676.7385
34.0  24381.4032
34.5  23207.2481
35.0  21535.4520
35.5  19589.6244
36.0  17492.1980
36.5  15320.6144
37.0  13152.8496
37.5  11096.6347
38.0  9293.1147
38.5  7887.6941
39.0  6975.8552
39.5  6553.3902
40.0  6507.3279
40.5  6658.0844
41.0  6825.7420
41.5  6881.1961
42.0  6763.2722
42.5  6468.5154
43.0  6029.5590
43.5  5494.7737
44.0  4914.4558
44.5  4333.5877
45.0  3788.9808
45.5  3309.1308
46.0  2915.2685
46.5  2622.7575
47.0  2442.4691
47.5  2381.9579
48.0  2446.3823
48.5  2639.1565
49.0  2962.3850
49.5  3417.1097
50.0  4003.3817
50.5  4720.1986
51.0  5565.3146
51.5  6534.9270
52.0  7623.3048
52.5  8822.4255
53.0  10121.6327
53.5  11507.5665
54.0  12964.5916
54.5  14475.8015
55.0  16024.9151
55.5  17598.9114
56.0  19190.1698
56.5  20796.0058
57.0  22411.4831
57.5  24009.3601
58.0  25501.3319
58.5  26679.2749
59.0  27147.8636
59.5  26295.3791
60.0  23427.9375
60.5  18276.3998
61.0  11879.4049
61.5  6881.1200
62.0  5707.9449
62.5  7888.3321
63.0  10509.8022
63.5  11520.5546
64.0  11537.5799
64.5  12597.9044
65.0  15746.1706
65.5  20105.5036
66.0  24033.7546
66.5  26494.1100
67.0  27335.9891
67.5  26898.8236
68.0  25625.3203
68.5  23883.7125
69.0  21930.6246
69.5  19928.7098
70.0  17974.6591
70.5  16122.6789
71.0  14400.9749
71.5  12822.4102
72.0  11391.1067
72.5  10106.3765
73.0  8964.9009
73.5  7961.9123
74.0  7091.7968
74.5  6348.3777
75.0  5724.8612
75.5  5213.5319
76.0  4805.3371
76.5  4489.4283
77.0  4252.6891
77.5  4079.3245
78.0  3950.6021
78.5  3845.0689
79.0  3739.5622
79.5  3611.4425
80.0  3442.1920
80.5  3222.2734
81.0  2956.2727
81.5  2666.0639
82.0  2389.2755
82.5  2171.2480
83.0  2051.8792
83.5  2051.9403
84.0  2165.1412
84.5  2360.2425
85.0  2592.0187
85.5  2815.5008
86.0  2997.4654
86.5  3121.7482
87.0  3188.6925
87.5  3210.9937
88.0  3208.4248
88.5  3203.2910
89.0  3217.2175
89.5  3269.3491
90.0  3375.5932
90.5  3548.5139
91.0  3797.5822
91.5  4129.5953
92.0  4549.1319
92.5  5059.0052
93.0  5660.7070
93.5  6354.8469
94.0  7141.6580
94.5  8021.5528
95.0  8995.7850
95.5  10067.2602
96.0  11241.2241
96.5  12525.5719
97.0  13930.6975
97.5  15468.1144
98.0  17147.0309
98.5  18967.7341
99.0  20910.1605
99.5  22915.7851
100.0  24860.3788
100.5  26515.7715
101.0  27505.4913
101.5  27283.9271
102.0  25230.9024
102.5  21036.3758
103.0  15441.2215
103.5  10667.2143
104.0  9133.1665
104.5  10872.1831
105.0  13087.4982
105.5  12949.6131
106.0  10375.9292
106.5  8206.1184
107.0  9509.8384
107.5  14431.2764
108.0  20401.9664
108.5  24954.9114
109.0  27237.8636
109.5  27572.1223
110.0  26628.2538
110.5  24995.1724
111.0  23074.6633
111.5  21104.5224
112.0  19207.9149
112.5  17436.3640
113.0  15801.0798
113.5  14294.0177
114.0  12900.8611
114.5  11608.1810
115.0  10406.4377
115.5  9290.5085
116.0  8259.0717
116.5  7313.4945
117.0  6456.6832
117.5  5692.0655
118.0  5022.8600
118.5  4451.5427
119.0  3979.4487
119.5  3606.4575
120.0  3330.6908
120.5  3148.1367
121.0  3052.1810
121.5  3033.0432
122.0  3077.1516
122.5  3166.5598
123.0  3278.6072
123.5  3386.1848
124.0  3459.2629
124.5  3468.3725
125.0  3390.4939
125.5  3217.3214
126.0  2963.7952
126.5  2672.9986
127.0  2412.0581
127.5  2256.2248
128.0  2264.7562
128.5  2458.8733
129.0  2814.0945
129.5  3271.6701
130.0  3762.2115
130.5  4228.6796
131.0  4639.4335
131.5  4989.6796
132.0  5295.2763
132.5  5584.0056
133.0  5888.2789
133.5  6240.3054
134.0  6669.4905
134.5  7201.4386
135.0  7857.9193
135.5  8657.0725
136.0  9613.4067
136.5  10737.4094
137.0  12034.7393
137.5  13504.5459
138.0  15136.3700
138.5  16905.0638
139.0  18762.9333
139.5  20628.3198
140.0  22370.6248
140.5  23794.6498
141.0  24635.8040
141.5  24594.7979
142.0  23459.7456
142.5  21345.2603
143.0  18932.2315
143.5  17334.9535
144.0  17292.9090
144.5  18207.4706
145.0  18148.6390
145.5  15177.5088
146.0  9328.6617
146.5  3890.2689
147.0  3411.2347
147.5  8818.8460
148.0  16401.6607
148.5  22188.0918
149.0  24862.0268
149.5  25093.8527
150.0  24092.2398
150.5  22822.8757
151.0  21781.2158
151.5  21045.3177
152.0  20456.5304
152.5  19808.1890
153.0  18960.6901
153.5  17869.9484
154.0  16564.0705
154.5  15107.7029
155.0  13574.2977
155.5  12030.5236
156.0  10530.1688
156.5  9113.4180
157.0  7808.6020
157.5  6634.7257
158.0  5603.8818
158.5  4723.2810
159.0  3996.8628
159.5  3426.4891
160.0  3012.7976
160.5  2755.7979
161.0  2655.2606
161.5  2710.9282
162.0  2922.5673
162.5  3289.8865
163.0  3812.2901
163.5  4488.4553
164.0  5315.6892
164.5  6289.0106
165.0  7399.8835
165.5  8634.5557
166.0  9971.9737
166.5  11381.3586
167.0  12819.9535
167.5  14231.8161
168.0  15549.7837
168.5  16703.7719
169.0  17639.8655
169.5  18351.6339
170.0  18917.0928
170.5  19517.0585
171.0  20395.5558
171.5  21736.5670
172.0  23484.3806
172.5  25190.3931
173.0  25964.4307
173.5  24594.1760
174.0  20029.5516
174.5  12586.4177
175.0  5369.0466
175.5  3100.4486
176.0  7249.6162
176.5  13999.9394
177.0  18630.9170
177.5  19477.7932
178.0  17833.0769
178.5  16163.4745
179.0  16293.0299
179.5  18337.9328
180.0  21105.4876
180.5  23322.8637
181.0  24379.8262
181.5  24282.9508
182.0  23323.7132
182.5  21832.2724
183.0  20075.6587
183.5  18240.0741
184.0  16444.4446
184.5  14759.4083
185.0  13223.1530
185.5  11852.6892
186.0  10651.2584
186.5  9612.9819
187.0  8725.5822
187.5  7971.8772
188.0  7330.9078
188.5  6778.8101
189.0  6289.5407
189.5  5836.2671
190.0  5393.9288
190.5  4943.1101
191.0  4475.1401
191.5  3996.9216
192.0  3532.9118
192.5  3121.6875
193.0  2805.6025
193.5  2616.1264
194.0  2560.8758
194.5  2619.0688
195.0  2747.7592
195.5  2895.4964
196.0  3016.8303
196.5  3081.9623
197.0  3079.5778
197.5  3014.4056
198.0  2902.0815
198.5  2763.7382
199.0  2621.7328
199.5  2496.8628
200.0  2406.8211
200.5  2365.5758
201.0  2383.3331
201.5  2466.7176
202.0  2619.0432
202.5  2840.5953
203.0  3128.8511
203.5  3478.6696
204.0  3882.5512
204.5  4331.0181
205.0  4813.2631
205.5  5318.1517
206.0  5835.8793
206.5  6360.2661
207.0  6891.5299
207.5  7439.2303
208.0  8024.5188
208.5  8680.6391
209.0  9450.5942
209.5  10381.8736
210.0  11518.5938
210.5  12892.8416
211.0  14517.3572
211.5  16380.6581
212.0  18443.3974
212.5  20632.2238
213.0  22825.6739
213.5  24826.3266
214.0  26316.0968
214.5  26806.5194
215.0  25643.5805
215.5  22232.9888
216.0  16723.7002
216.5  10956.5538
217.0  8216.5208
217.5  10480.6899
218.0  15939.6656
218.5  20520.6949
219.0  21141.8382
219.5  17246.3712
220.0  11099.7084
220.5  7058.1137
221.0  8398.1145
221.5  14171.6599
222.0  20686.8296
222.5  25215.5363
223.0  27147.1362
223.5  27031.4635
224.0  25631.1965
224.5  23554.5345
225.0  21215.4262
225.5  18883.5396
226.0  16731.2745
226.5  14859.3852
227.0  13307.9720
227.5  12064.5236
228.0  11076.6400
228.5  10270.4835
229.0  9570.5733
229.5  8915.0093
230.0  8263.1490
230.5  7596.0257
231.0  6912.0634
231.5  6221.2641
232.0  5539.7971
232.5  4885.9002
233.0  4277.1043
233.5  3728.8034
234.0  3253.6621
234.5  2861.4180
235.0  2558.9800
235.5  2350.5731
236.0  2237.8168
236.5  2219.7132
237.0  2292.4390
237.5  2448.9624
238.0  2678.4833
238.5  2965.7641
239.0  3290.4813
239.5  3626.8754
240.0  3944.1471
240.5  4208.3605
241.0  4386.8106
241.5  4455.4002
242.0  4408.9940
242.5  4272.3298
243.0  4106.0250
243.5  4000.9552
244.0  4057.2940
244.5  4353.1859
245.0  4918.2516
245.5  5727.2122
246.0  6717.1059
246.5  7816.3162
247.0  8969.3269
247.5  10148.2687
248.0  11351.5726
248.5  12595.2403
249.0  13901.8186
249.5  15289.7673
250.0  16762.8695
250.5  18297.8120
251.0  19827.7207
251.5  21219.6210
252.0  22246.3220
252.5  22565.0456
253.0  21744.6039
253.5  19434.5908
254.0  15782.1369
254.5  11960.2890
255.0  10074.6632
255.5  11744.6088
256.0  16469.8415
256.5  21871.5357
257.0  25362.8043
257.5  25189.7863
258.0  20655.9213
258.5  12784.0964
259.0  5346.1758
259.5  3379.1187
260.0  8323.1941
260.5  16436.1126
261.0  23223.4391
261.5  26823.1588
262.0  27473.6295
262.5  26051.7382
263.0  23385.2085
263.5  20161.7219
264.0  16994.2917
264.5  14415.5625
265.0  12764.0467
265.5  12066.5590
266.0  12052.8206
266.5  12316.4986
267.0  12503.5431
267.5  12412.5067
268.0  11991.5213
268.5  11285.0454
269.0  10378.9308
269.5  9364.3901
270.0  8320.6359
270.5  7309.5294
271.0  6376.3439
271.5  5552.7388
272.0  4860.1212
272.5  4312.5466
273.0  3919.0161
273.5  3685.1556
274.0  3614.3766
274.5  3708.5856
275.0  3968.5286
275.5  4393.8069
276.0  4982.5473
276.5  5730.7005
277.0  6630.8940
277.5  7670.7443
278.0  8830.5243
278.5  10080.1610
279.0  11375.6907
279.5  12655.9075
280.0  13841.0367
280.5  14837.0419
281.0  15552.0413
281.5  15932.3252
282.0  16019.1830
282.5  16006.6330
283.0  16248.7434
283.5  17153.2931
284.0  18964.9891
284.5  21556.6678
285.0  24364.9879
285.5  26468.9668
286.0  26705.2376
286.5  23866.9436
287.0  17399.1802
287.5  8945.8775
288.0  3182.6852
288.5  4442.5116
289.0  11547.5439
289.5  19105.9773
290.0  23062.7608
290.5  22682.2280
291.0  19432.7938
291.5  15762.0306
292.0  13947.1288
292.5  14825.3711
293.0  17473.7050
293.5  20282.7478
294.0  22149.5861
294.5  22777.2393
295.0  22364.5392
295.5  21258.0709
296.0  19771.4248
296.5  18133.4627
297.0  16493.0425
297.5  14938.7947
298.0  13517.7214
298.5  12248.9431
299.0  11132.8838
299.5  10157.0916
300.0  9299.9052
300.5  8533.1304
301.0  7825.0498
301.5  7144.1280
302.0  6464.0933
302.5  5770.8717
303.0  5070.0377
303.5  4391.8436
304.0  3788.5535
304.5  3320.8590
305.0  3035.6562
305.5  2944.9340
306.0  3017.5197
306.5  3188.8054
307.0  3382.7882
307.5  3534.4443
308.0  3603.5773
308.5  3577.2407
309.0  3464.3828
309.5  3287.5814
310.0  3075.2804
310.5  2856.2782
311.0  2656.4275
311.5  2497.2132
312.0  2395.4343
312.5  2363.4007
313.0  2409.4388
313.5  2538.3784
314.0  2751.9444
314.5  3049.0535
315.0  3425.9659
315.5  3876.3627
316.0  4391.4814
316.5  4960.3410
317.0  5570.2130
317.5  6207.6880
318.0  6860.4441
318.5  7519.8524
319.0  8184.5286
319.5  8864.2995
320.0  9583.5954
320.5  10382.7523
321.0  11315.3462
321.5  12440.3576
322.0  13810.0661
322.5  15456.1387
323.0  17376.9107
323.5  19527.0595
324.0  21807.0185
324.5  24045.3460
325.0  25965.6919
325.5  27136.6371
326.0  26932.1939
326.5  24614.3209
327.0  19785.0634
327.5  13375.1040
328.0  8338.2738
328.5  7985.2949
329.0  12429.1545
329.5  18017.5686
330.0  20715.9863
330.5  18843.1284
331.0  13662.0435
331.5  8887.1817
332.0  8362.4848
332.5  12651.7930
333.0  18861.8835
333.5  23906.9790
334.0  26567.3459
334.5  27076.2751
335.0  26128.8444
335.5  24357.3516
336.0  22206.7536
336.5  19961.7833
337.0  17798.3852
337.5  15821.4194
338.0  14086.2098
338.5  12609.9429
339.0  11379.4315
339.5  10359.3620
340.0  9502.1786
340.5  8758.4301
341.0  8085.1188
341.5  7450.5672
342.0  6835.9133
342.5  6233.8215
343.0  5645.7593
343.5  5078.9385
344.0  4543.5748
344.5  4050.7074
345.0  3610.7525
345.5  3232.6295
346.0  2923.2002
346.5  2686.9668
347.0  2525.8606
347.5  2439.0484
348.0  2422.6698
348.5  2469.5080
349.0  2568.6391
349.5  2705.1435
350.0  2860.0414
350.5  3010.8355
351.0  3133.0036
351.5  3202.9223
352.0  3202.5488
352.5  3125.6709
353.0  2983.9042
353.5  2810.0996
354.0  2655.5964
354.5  2579.1528
355.0  2630.0497
355.5  2831.8366
356.0  3174.9728
356.5  3622.4908
357.0  4125.4240
357.5  4639.8602
358.0  5138.6886
358.5  5614.9338
359.0  6078.7507
359.5  6551.8056
360.0  7061.4716
360.5  7636.5104
361.0  8304.4188
361.5  9090.0082
362.0  10014.4607
362.5  11094.2986
363.0  12340.1775
363.5  13754.9204
364.0  15330.0471
364.5  17040.0347
365.0  18833.3263
365.5  20619.1272
366.0  22249.8922
366.5  23503.7087
367.0  24081.6328
367.5  23658.3273
368.0  22047.3640
368.5  19507.5700
369.0  17002.5713
369.5  15911.8822
370.0  16952.1339
370.5  19185.9228
371.0  20310.4115
371.5  18088.0764
372.0  12124.4548
372.5  5352.2858
373.0  2951.6544
373.5  7310.9889
374.0  15244.8556
374.5  22011.7446
375.0  25447.6225
375.5  25874.9687
376.0  24522.0922
376.5  22572.5131
377.0  20827.3286
377.5  19628.9759
378.0  18933.2301
378.5  18487.0861
379.0  18018.7027
379.5  17351.5085
380.0  16425.9424
380.5  15267.3805
381.0  13943.1935
381.5  12530.9731
382.0  11101.0476
382.5  9709.8968
383.0  8399.5601
383.5  7199.6187
384.0  6129.9270
384.5  5203.2005
385.0  4427.1494
385.5  3806.1492
386.0  3342.4615
386.5  3037.0855
387.0  2890.3314
387.5  2902.1631
388.0  3072.3372
388.5  3400.3442
389.0  3885.1779
389.5  4524.8836
390.0  5315.8400
390.5  6251.7266
391.0  7322.0910
391.5  8510.4476
392.0  9791.9213
392.5  11130.5664
393.0  12476.9814
393.5  13767.5008
394.0  14927.5843
394.5  15883.7891
395.0  16588.9235
395.5  17061.4159
396.0  17427.4241
396.5  17932.3393
397.0  18877.6554
397.5  20469.1643
398.0  22633.9384
398.5  24904.3261
399.0  26412.5941
399.5  25982.6102
400.0  22433.3823
400.5  15498.8356
401.0  7423.2224
401.5  3064.6108
402.0  5669.2126
402.5  12761.7219
403.0  19001.0053
403.5  21285.9688
404.0  19843.5345
404.5  16873.8916
405.0  14954.8998
405.5  15486.8254
406.0  17985.8638
406.5  20919.8381
407.0  23034.8690
407.5  23883.7092
408.0  23599.3490
408.5  22525.1026
409.0  20995.3243
409.5  19262.3999
410.0  17494.5161
410.5  15794.6456
411.0  14220.5262
411.5  12799.9477
412.0  11541.1705
412.5  10439.6203
413.0  9481.9983
413.5  8648.8453
414.0  7916.5330
414.5  7259.2876
415.0  6651.2971
415.5  6069.5701
416.0  5497.9389
416.5  4931.6903
417.0  4381.1446
417.5  3871.9337
418.0  3439.6763
418.5  3118.8711
419.0  2929.6118
419.5  2867.9779
420.0  2905.2663
420.5  2996.3221
421.0  3092.9171
421.5  3155.9269
422.0  3162.1893
422.5  3105.5087
423.0  2993.4866
423.5  2842.5471
424.0  2673.1455
424.5  2506.1699
425.0  2360.6211
425.5  2252.3773
426.0  2193.7028
426.5  2193.2082
427.0  2255.9904
427.5  2383.8380
428.0  2575.4045
428.5  2826.3454
429.0  3129.4466
429.5  3474.8453
430.0  3850.4362
430.5  4242.6379
431.0  4637.6971
431.5  5023.7544
432.0  5393.6173
432.5  5748.0860
433.0  6099.1444
433.5  6471.7854
434.0  6903.4087
434.5  7439.7871
435.0  8127.8511
435.5  9007.2750
436.0  10103.7090
436.5  11425.7747
437.0  12965.8366
437.5  14702.8522
438.0  16604.6445
438.5  18625.7635
439.0  20697.7944
439.5  22709.0370
440.0  24470.7651
440.5  25670.9418
441.0  25833.4412
441.5  24352.1635
442.0  20767.4007
442.5  15465.4664
443.0  10457.0158
443.5  8784.7510
444.0  11836.4704
444.5  17543.3395
445.0  22124.7534
445.5  22785.5605
446.0  18800.6513
446.5  11930.7009
447.0  6415.6023
447.5  6383.1494
448.0  11833.2924
448.5  18978.6387
449.0  24389.2497
449.5  26993.5789
450.0  27239.9530
450.5  25944.1875
451.0  23793.9354
451.5  21277.6047
452.0  18737.3893
452.5  16416.7419
453.0  14474.4496
453.5  12978.4612
454.0  11903.8827
454.5  11152.3140
455.0  10590.7380
455.5  10093.2645
456.0  9569.0287
456.5  8970.8528
457.0  8289.1537
457.5  7539.5516
458.0  6750.5441
458.5  5954.3856
459.0  5181.5975
459.5  4458.3910
460.0  3805.8488
460.5  3240.1176
461.0  2773.1085
461.5  2413.2511
462.0  2166.1994
462.5  2035.3918
463.0  2022.4281
463.5  2127.2569
464.0  2348.1646
464.5  2681.5711
465.0  3121.6331
465.5  3659.6397
466.0  4283.2580
466.5  4975.7288
467.0  5715.1212
467.5  6474.0008
468.0  7220.1657
468.5  7919.3302
469.0  8540.7529
469.5  9066.7612
470.0  9505.7341
470.5  9905.4181
471.0  10359.7336
471.5  10999.8745
472.0  11965.0671
472.5  13359.2606
473.0  15212.4703
473.5  17464.7652
474.0  19974.7444
474.5  22535.2585
475.0  24870.4496
475.5  26597.6425
476.0  27163.2658
476.5  25821.3881
477.0  21860.7857
477.5  15411.3382
478.0  8663.6594
478.5  5628.2539
479.0  8665.8207
479.5  15538.9188
480.0  21645.1260
480.5  23819.2461
481.0  21367.0201
481.5  15705.2945
482.0  10096.2713
482.5  8193.7987
483.0  11134.0805
483.5  16673.5356
484.0  21760.2638
484.5  24835.7837
485.0  25849.8569
485.5  25368.8377
486.0  23983.5679
486.5  22124.2210
487.0  20062.7914
487.5  17962.4474
488.0  15923.1470
488.5  14012.6467
489.0  12283.2792
489.5  10776.9895
490.0  9522.0527
490.5  8526.1735
491.0  7771.5363
491.5  7215.7300
492.0  6799.8680
492.5  6461.2518
493.0  6145.7361
493.5  5815.6670
494.0  5451.9677
494.5  5051.7773
495.0  4623.9583
495.5  4184.1739
496.0  3750.7507
496.5  3341.8486
497.0  2973.7386
497.5  2659.9301
498.0  2410.8042
498.5  2233.5737
499.0  2132.3091
499.5  2107.9509
500.0  2158.2391
500.5  2277.5174
501.0  2456.4392
501.5  2681.6503
502.0  2935.5644
502.5  3196.5601
503.0  3439.8773
503.5  3639.8197
504.0  3773.6823
504.5  3827.5381
505.0  3803.2865
505.5  3724.7075
506.0  3638.9745
506.5  3610.2850
507.0  3704.8415
507.5  3971.4689
508.0  4426.9637
508.5  5053.8943
509.0  5811.8487
509.5  6655.4247
510.0  7549.7914
510.5  8478.5159
511.0  9443.6053
511.5  10460.8302
512.0  11553.3643
512.5  12745.1675
513.0  14054.9428
513.5  15490.0789
514.0  17039.0361
514.5  18660.4823
515.0  20267.2282
515.5  21704.0198
516.0  22722.1784
516.5  22968.1086
517.0  22035.0757
517.5  19671.8617
518.0  16213.2661
518.5  12989.1911
519.0  11959.6092
519.5  14214.1758
520.0  18726.3806
520.5  22944.1568
521.0  24338.2155
521.5  21387.6665
522.0  14364.1774
522.5  6475.5066
523.0  3108.6966
523.5  7003.1424
524.0  15118.0567
524.5  22477.4698
525.0  26573.3476
525.5  27428.2048
526.0  26009.0008
526.5  23333.8567
527.0  20268.1564
527.5  17507.0897
528.0  15511.4932
528.5  14418.2470
529.0  14044.9316
529.5  14030.7036
530.0  14023.3047
530.5  13797.5835
531.0  13273.2070
531.5  12473.0536
532.0  11470.7246
532.5  10352.0895
533.0  9195.0877
533.5  8062.2981
534.0  7000.2829
534.5  6041.9597
535.0  5209.7107
535.5  4518.2387
536.0  3976.8991
536.5  3591.4702
537.0  3365.4277
537.5  3300.7987
538.0  3398.6644
538.5  3659.3960
539.0  4082.6046
539.5  4666.8239
540.0  5408.8817
540.5  6302.9072
541.0  7338.8870
541.5  8500.6652
542.0  9763.3423
542.5  11090.1945
543.0  12429.5048
543.5  13712.5878
544.0  14855.9051
544.5  15771.8924
545.0  16394.9316
545.5  16726.2476
546.0  16888.1522
546.5  17151.4185
547.0  17878.8139
547.5  19357.2780
548.0  21582.7744
548.5  24126.5060
549.0  26143.2738
549.5  26471.4694
550.0  23855.2046
550.5  17643.6147
551.0  9312.2146
551.5  3375.7771
552.0  4230.9308
552.5  10951.9454
553.0  18260.4386
553.5  22057.7240
554.0  21644.4237
554.5  18657.2277
555.0  15642.3512
555.5  14668.0886
556.0  16150.0574
556.5  18925.8661
557.0  21487.8792
557.5  22970.4338
558.0  23243.7072
558.5  22566.0433
559.0  21281.6897
559.5  19682.0624
560.0  17973.6644
560.5  16288.8143
561.0  14705.4834
561.5  13264.6242
562.0  11982.6214
562.5  10859.5016
563.0  9884.1192
563.5  9037.2584
564.0  8293.7545
564.5  7624.7578
565.0  7000.2370
565.5  6392.3786
566.0  5780.6143
566.5  5158.0723
567.0  4537.3135
567.5  3952.2312
568.0  3452.2607
568.5  3087.3153
569.0  2888.5768
569.5  2853.8117
570.0  2945.5390
570.5  3103.2213
571.0  3262.6067
571.5  3372.9707
572.0  3406.0482
572.5  3356.2488
573.0  3235.2568
573.5  3065.0152
574.0  2871.4694
574.5  2680.1196
575.0  2513.5413
575.5  2390.2971
576.0  2324.6411
576.5  2326.7222
577.0  2402.9669
577.5  2556.4466
578.0  2787.1773
578.5  3092.3176
579.0  3466.2909
579.5  3900.9307
580.0  4385.7014
580.5  4908.1529
581.0  5454.8342
581.5  6012.8400
582.0  6572.2345
582.5  7129.2669
583.0  7690.0626
583.5  8274.0303
584.0  8915.5791
584.5  9662.5214
585.0  10570.3615
585.5  11692.6998
586.0  13069.7528
586.5  14718.2999
587.0  16625.0940
587.5  18742.9320
588.0  20985.0305
588.5  23211.1020
589.0  25198.0680
589.5  26592.2671
590.0  26859.9394
590.5  25311.2132
591.0  21391.1972
591.5  15476.6552
592.0  9810.6220
592.5  7833.1836
593.0  11007.4111
593.5  16822.6680
594.0  21074.6645
594.5  21050.6086
595.0  16674.1741
595.5  10601.5363
596.0  7199.0252
596.5  9203.7132
597.0  15141.4174
597.5  21363.3551
598.0  25479.4643
598.5  27096.0480
599.0  26806.1636
599.5  25340.2146
600.0  23262.1918
600.5  20949.7328
601.0  18646.5239
601.5  16508.8072
602.0  14630.9342
602.5  13055.8857
603.0  11780.8477
603.5  10765.5916
604.0  9946.3288
604.5  9252.6600
605.0  8622.3705
605.5  8010.5729
606.0  7392.2993
606.5  6760.0893
607.0  6119.2124
607.5  5482.5946
608.0  4866.5569
608.5  4287.8479
609.0  3761.7978
609.5  3301.3794
610.0  2916.8144
610.5  2615.5375
611.0  2402.2343
611.5  2278.8749
612.0  2244.6719
612.5  2295.8746
613.0  2425.4014
613.5  2622.3367
614.0  2871.3459
614.5  3152.1693
615.0  3439.4902
615.5  3703.6344
616.0  3912.8515
616.5  4037.8748
617.0  4059.3618
617.5  3977.4378
618.0  3820.6716
618.5  3649.4692
619.0  3547.9202
619.5  3602.6828
620.0  3875.2086
620.5  4381.0518
621.0  5088.4013
621.5  5936.2792
622.0  6860.9027
622.5  7816.3420
623.0  8783.0221
623.5  9765.3572
624.0  10784.1666
624.5  11867.8609
625.0  13044.1532
625.5  14333.2632
626.0  15741.2369
626.5  17251.4704
627.0  18812.6401
627.5  20321.3041
628.0  21598.5895
628.5  22367.2596
629.0  22253.3612
629.5  20874.4443
630.0  18112.8272
630.5  14580.6330
631.0  11879.2470
631.5  11878.2728
632.0  15111.9528
632.5  20036.0733
633.0  24071.4011
633.5  24989.6709
634.0  21553.6305
634.5  14198.6730
635.0  6215.8516
635.5  2961.9957
636.0  7010.6911
636.5  15190.7518
637.0  22545.2786
637.5  26628.7849
638.0  27477.3244
638.5  26028.5972
639.0  23263.3416
639.5  20033.0464
640.0  17065.1592
640.5  14894.0025
641.0  13730.2578
641.5  13418.0779
642.0  13564.6640
642.5  13757.3468
643.0  13718.8021
643.5  13341.7399
644.0  12644.0858
644.5  11706.2623
645.0  10624.7327
645.5  9487.4852
646.0  8364.9677
646.5  7309.3667
647.0  6357.3938
647.5  5533.8623
648.0  4854.9530
648.5  4330.8555
649.0  3967.7193
649.5  3769.0188
650.0  3736.4107
650.5  3870.1750
651.0  4169.2912
651.5  4631.1540
652.0  5250.8911
652.5  6020.2188
653.0  6925.7537
653.5  7946.6635
654.0  9051.6294
654.5  10195.3259
655.0  11315.0901
655.5  12329.7361
656.0  13144.3249
656.5  13667.3298
657.0  13847.6731
657.5  13732.9177
658.0  13527.8558
658.5  13600.9475
659.0  14379.1923
659.5  16140.7073
660.0  18829.7085
660.5  22027.5692
661.0  25065.2052
661.5  27130.3156
662.0  27280.9458
662.5  24504.8800
663.0  18260.2538
663.5  9889.5757
664.0  3678.3723
664.5  4171.0041
665.0  10992.6833
665.5  19136.0934
666.0  24204.5474
666.5  24819.6622
667.0  21728.3738
667.5  16855.4154
668.0  12774.3545
668.5  11574.0884
669.0  13478.6200
669.5  16919.6096
670.0  20059.6781
670.5  21932.3467
671.0  22451.3555
671.5  21946.1035
672.0  20809.4978
672.5  19355.3910
673.0  17795.3644
673.5  16256.9898
674.0  14808.1839
674.5  13476.7293
675.0  12263.9444
675.5  11154.1813
676.0  10121.8612
676.5  9137.8093
677.0  8176.6491
677.5  7225.5216
678.0  6292.5045
678.5  5411.8490
679.0  4640.9380
679.5  4044.8582
680.0  3671.2609
680.5  3526.8782
681.0  3569.5356
681.5  3721.0700
682.0  3893.5660
682.5  4014.7030
683.0  4041.8036
683.5  3962.9780
684.0  3790.0465
684.5  3548.7589
685.0  3270.3254
685.5  2985.6453
686.0  2722.0660
686.5  2502.0551
687.0  2343.0332
687.5  2257.7769
688.0  2254.9746
688.5  2339.7713
689.0  2514.2043
689.5  2777.4743
690.0  3126.0572
690.5  3553.6970
691.0  4051.3783
691.5  4607.2956
692.0  5207.0830
692.5  5834.5030
693.0  6472.8262
693.5  7107.3197
694.0  7729.0203
694.5  8339.4832
695.0  8955.8509
695.5  9614.5274
696.0  10370.8947
696.5  11293.1221
697.0  12449.4804
697.5  13891.8426
698.0  15640.2050
698.5  17672.0671
699.0  19916.4947
699.5  22247.0006
700.0  24463.7788
700.5  26256.3583
701.0  27149.2007
701.5  26473.2731
702.0  23507.2654
702.5  18066.2518
703.0  11580.4844
703.5  7429.3308
704.0  8527.3244
704.5  13947.6801
705.0  19553.9097
705.5  21668.0228
706.0  19130.5325
706.5  13520.5881
707.0  8658.4952
707.5  8275.4064
708.0  12697.3259
708.5  18907.6948
709.0  23868.0340
709.5  26440.6442
710.0  26895.0610
710.5  25924.5194
711.0  24146.1720
711.5  21990.0738
712.0  19731.3213
712.5  17542.8970
713.0  15533.3586
713.5  13766.7615
714.0  12270.9857
714.5  11041.6599
715.0  10047.3592
715.5  9238.4195
716.0  8558.3053
716.5  7954.5418
717.0  7386.3319
717.5  6827.8325
718.0  6267.6727
718.5  5705.9758
719.0  5150.5997
719.5  4613.6620
720.0  4108.7630
720.5  3649.0210
721.0  3245.9497
721.5  2908.8337
722.0  2644.4157
722.5  2456.7587
723.0  2347.1268
723.5  2313.8338
724.0  2351.9788
724.5  2453.1009
725.0  2604.7946
725.5  2790.3967
726.0  2988.9619
726.5  3175.9433
727.0  3324.9948
727.5  3411.4762
728.0  3417.9732
728.5  3341.2677
729.0  3199.0011
729.5  3032.5588
730.0  2902.3431
730.5  2873.7941
731.0  2997.7127
731.5  3293.3940
732.0  3743.5792
732.5  4304.1239
733.0  4922.6972
733.5  5556.7384
734.0  6183.6729
734.5  6802.1545
735.0  7427.4483
735.5  8084.9695
736.0  8804.4096
736.5  9615.5868
737.0  10545.5633
737.5  11616.2121
738.0  12842.0033
738.5  14227.3169
739.0  15762.0424
739.5  17414.3877
740.0  19119.8866
740.5  20765.5178
741.0  22169.8415
741.5  23067.1378
742.0  23120.4049
742.5  22018.3233
743.0  19726.9304
743.5  16859.3495
744.0  14793.8867
744.5  14964.5065
745.0  17544.1946
745.5  20899.1914
746.0  22476.9171
746.5  20193.9520
747.0  13781.8147
747.5  6170.4689
748.0  2804.4304
748.5  6669.4380
749.0  14803.8792
749.5  22105.4911
750.0  25989.9801
750.5  26561.7890
751.0  24979.8743
751.5  22473.9996
752.0  20020.1126
752.5  18214.2565
753.0  17217.0252
753.5  16828.1839
754.0  16684.6109
754.5  16461.7996
755.0  15976.2931
755.5  15184.2740
756.0  14131.4884
756.5  12901.7354
757.0  11582.8391
757.5  10250.4749
758.0  8963.3754
758.5  7764.0956
759.0  6681.9885
759.5  5736.4345
760.0  4939.6741
760.5  4299.0584
761.0  3818.7150
761.5  3500.7108
762.0  3345.8013
762.5  3353.8631
763.0  3524.0394
763.5  3854.6032
764.0  4342.5345
764.5  4982.7817
765.0  5767.1145
765.5  6682.4904
766.0  7708.8955
766.5  8816.5720
767.0  9962.9096
767.5  11089.7383
768.0  12122.6741
768.5  12976.0378
769.0  13569.0214
769.5  13858.8216
770.0  13890.7604
770.5  13848.2927
771.0  14057.8626
771.5  14899.2537
772.0  16628.0274
772.5  19208.4809
773.0  22270.0264
773.5  25185.5497
774.0  27156.0049
774.5  27226.6961
775.0  24369.7532
775.5  18064.0584
776.0  9734.9530
776.5  3731.3460
777.0  4473.7428
777.5  11347.1663
778.0  19262.8333
778.5  23913.5754
779.0  24055.6475
779.5  20628.4546
780.0  15822.5412
780.5  12350.2543
781.0  12040.9377
781.5  14610.4233
782.0  18222.2857
782.5  21156.5366
783.0  22690.4595
783.5  22897.4430
784.0  22160.6618
784.5  20869.9264
785.0  19318.5465
785.5  17697.4864
786.0  16118.6118
786.5  14639.2644
787.0  13280.9297
787.5  12042.1251
788.0  10907.3603
788.5  9853.8093
789.0  8857.4558
789.5  7899.9237
790.0  6975.4010
790.5  6096.1493
791.0  5294.0581
791.5  4614.8234
792.0  4103.4906
792.5  3785.5010
793.0  3652.4229
793.5  3660.5967
794.0  3744.0016
794.5  3834.0781
795.0  3877.0899
795.5  3842.9630
796.0  3725.1126
796.5  3534.8410
797.0  3294.0648
797.5  3028.8474
798.0  2764.9637
798.5  2525.3437
799.0  2328.8857
799.5  2190.1717
800.0  2119.6496
800.5  2123.9777
801.0  2206.3512
801.5  2366.7433
802.0  2602.0219
802.5  2905.9439
803.0  3269.1091
803.5  3678.9696
804.0  4120.0133
804.5  4574.4256
805.0  5023.5361
805.5  5450.2464
806.0  5842.7822
806.5  6199.4786
807.0  6533.7873
807.5  6877.7469
808.0  7281.6683
808.5  7808.0821
809.0  8520.3015
809.5  9468.9002
810.0  10681.0335
810.5  12156.6208
811.0  13871.3599
811.5  15783.3858
812.0  17837.9754
812.5  19964.4402
813.0  22061.3313
813.5  23966.7835
814.0  25413.0584
814.5  25975.2729
815.0  25061.6747
815.5  22082.4090
816.0  17020.4910
816.5  11345.8563
817.0  8113.7883
817.5  9739.8536
818.0  15270.6068
818.5  21056.8429
819.0  23730.3886
819.5  21785.6161
820.0  15846.6631
820.5  8990.0463
821.0  5782.3593
821.5  8584.1158
822.0  15200.6564
822.5  21653.4187
823.0  25685.8885
823.5  27110.5843
824.0  26617.3947
824.5  24950.2474
825.0  22663.5279
825.5  20137.3740
826.0  17641.8604
826.5  15378.4891
827.0  13487.7195
827.5  12036.3029
828.0  11007.5262
828.5  10312.0852
829.0  9821.2076
829.5  9406.9698
830.0  8972.5590
830.5  8464.1476
831.0  7866.8344
831.5  7192.9835
832.0  6469.8158
832.5  5729.6889
833.0  5004.0294
833.5  4320.2156
834.0  3700.5330
834.5  3162.2443
835.0  2718.1658
835.5  2377.4432
836.0  2146.2490
836.5  2028.3566
837.0  2025.5309
837.5  2137.7202
838.0  2363.0455
838.5  2697.5987
839.0  3135.0291
839.5  3665.9530
840.0  4277.2305
840.5  4951.1724
841.0  5664.9447
841.5  6390.4852
842.0  7095.6158
842.5  7747.1936
843.0  8317.4827
843.5  8794.1627
844.0  9193.0433
844.5  9570.0072
845.0  10024.5653
845.5  10687.1636
846.0  11687.8376
846.5  13115.2205
847.0  14984.3031
847.5  17227.7056
848.0  19708.4683
848.5  22235.3845
849.0  24558.6517
849.5  26331.2417
850.0  27043.5433
850.5  25990.1449
851.0  22444.4133
851.5  16358.9773
852.0  9560.1123
852.5  5863.9140
853.0  8070.6588
853.5  14626.4949
854.0  21089.9508
854.5  23985.9379
855.0  22224.3127
855.5  16817.8538
856.0  10725.5449
856.5  7811.3026
857.0  9951.5411
857.5  15385.9509
858.0  20878.7205
858.5  24470.1133
859.0  25885.8337
859.5  25650.0549
860.0  24385.5954
860.5  22563.5799
861.0  20487.0334
861.5  18340.1420
862.0  16237.9776
862.5  14260.7848
863.0  12472.0812
863.5  10923.2647
864.0  9648.3687
864.5  8655.2247
865.0  7920.2677
865.5  7391.3810
866.0  6999.4228
866.5  6674.0324
867.0  6357.5598
867.5  6012.7598
868.0  5623.6083
868.5  5191.4356
869.0  4729.1406
869.5  4255.6332
870.0  3791.5646
870.5  3356.6030
871.0  2967.8333
871.5  2639.1198
872.0  2380.9785
872.5  2200.6423
873.0  2102.1918
873.5  2086.6326
874.0  2151.8617
874.5  2292.4642
875.0  2499.3921
875.5  2759.5465
876.0  3055.4345
876.5  3365.0982
877.0  3662.7064
877.5  3920.3933
878.0  4111.8655
878.5  4218.2140
879.0  4235.7258
879.5  4183.5874
880.0  4107.9959
880.5  4078.2337
881.0  4172.1442
881.5  4454.2843
882.0  4956.2816
882.5  5669.7403
883.0  6555.3677
883.5  7562.4158
884.0  8647.5248
884.5  9785.6911
885.0  10972.0223
885.5  12216.8629
886.0  13537.5900
886.5  14949.8134
887.0  16458.1512
887.5  18045.1026
888.0  19656.1223
888.5  21178.7238
889.0  22414.9650
889.5  23054.3076
890.0  22677.2721
890.5  20868.0575
891.0  17553.9720
891.5  13555.6790
892.0  10800.0640
892.5  11282.5910
893.0  15207.5431
893.5  20526.2357
894.0  24434.8290
894.5  24813.7422
895.0  20729.0007
895.5  13086.8974
896.0  5626.9070
896.5  3492.6037
897.0  8317.2992
897.5  16428.7285
898.0  23256.9403
898.5  26869.0551
899.0  27497.3735
899.5  26052.4518
900.0  23405.9273
900.5  20277.4292
901.0  17277.8612
901.5  14891.6074
902.0  13380.3662
902.5  12711.0317
903.0  12606.3667
903.5  12701.6148
904.0  12699.2797
904.5  12439.7947
905.0  11890.1046
905.5  11095.8060
906.0  10135.1992
906.5  9089.6654
907.0  8029.5106
907.5  7009.7651
908.0  6070.8401
908.5  5241.1127
909.0  4539.8502
909.5  3979.7849
910.0  3569.1547
910.5  3313.2315
911.0  3215.4134
911.5  3277.9450
912.0  3502.3316
912.5  3889.5010
913.0  4439.7113
913.5  5152.2078
914.0  6024.5849
914.5  7051.7935
915.0  8224.6962
915.5  9528.0742
916.0  10938.0374
916.5  12418.9066
917.0  13919.9830
917.5  15373.4061
918.0  16695.6359
918.5  17797.3201
919.0  18607.4855
919.5  19116.0905
920.0  19425.3680
920.5  19774.3886
921.0  20479.3907
921.5  21755.8701
922.0  23479.5507
922.5  25020.3672
923.0  25255.0002
923.5  22839.1295
924.0  16996.0681
924.5  9040.6665
925.0  3239.6296
925.5  3794.5107
926.0  9889.7790
926.5  16567.9412
927.0  20055.5499
927.5  19982.5030
928.0  18191.0316
928.5  16931.7592
929.0  17431.0340
929.5  19388.3071
930.0  21654.9846
930.5  23246.8860
931.0  23779.9570
931.5  23336.8421
932.0  22191.2389
932.5  20627.5373
933.0  18870.8602
933.5  17077.7758
934.0  15348.7434
934.5  13743.8641
935.0  12295.8514
935.5  11019.2482
936.0  9916.4902
936.5  8981.6773
937.0  8202.6156
937.5  7561.7684
938.0  7036.8063
938.5  6600.8550
939.0  6222.6575
939.5  5867.5460
940.0  5500.0292
940.5  5088.8533
941.0  4615.0434
941.5  4081.5979
942.0  3521.4470
942.5  2997.0776
943.0  2586.5479
943.5  2357.0736
944.0  2337.1969
944.5  2502.9026
945.0  2786.2808
945.5  3101.3560
946.0  3372.3749
946.5  3551.6950
947.0  3623.6946
947.5  3598.5523
948.0  3502.2838
948.5  3367.3789
949.0  3226.3880
949.5  3108.3467
950.0  3037.2994
950.5  3032.1509
951.0  3107.1183
951.5  3272.4593
952.0  3535.1665
952.5  3899.5900
953.0  4367.9322
953.5  4940.5993
954.0  5616.5035
954.5  6393.3105
955.0  7267.7254
955.5  8235.9297
956.0  9294.1880
956.5  10439.6746
957.0  11671.4859
957.5  12991.7637
958.0  14406.5892
958.5  15925.8826
959.0  17561.1318
959.5  19319.1994
960.0  21190.2133
960.5  23127.1359
961.0  25014.5103
961.5  26625.0797
962.0  27569.7164
962.5  27271.5009
963.0  25062.3868
963.5  20593.6474
964.0  14639.4108
964.5  9574.0757
965.0  7978.7338
965.5  9865.3701
966.0  12320.6242
966.5  12560.9396
967.0  10648.3391
967.5  9294.5771
968.0  11091.5816
968.5  15889.8464
969.0  21346.7130
969.5  25382.0232
970.0  27329.9575
970.5  27505.9430
971.0  26510.0094
971.5  24866.9224
972.0  22938.5450
972.5  20944.5267
973.0  19005.1666
973.5  17178.3072
974.0  15485.5269
974.5  13929.2476
975.0  12503.3412
975.5  11199.1921
976.0  10008.7105
976.5  8925.5532
977.0  7945.3084
977.5  7065.2851
978.0  6283.9670
978.5  5600.3531
979.0  5013.3967
979.5  4521.4852
980.0  4122.0036
980.5  3810.8916
981.0  3582.1805
981.5  3427.5211
982.0  3335.7180
982.5  3292.3607
983.0  3279.6876
983.5  3276.9339
984.0  3261.5315
984.5  3211.5425
985.0  3109.6155
985.5  2948.0748
986.0  2734.0543
986.5  2492.3786
987.0  2263.4376
987.5  2094.6865
988.0  2026.8874
988.5  2080.2870
989.0  2247.3572
989.5  2495.8215
990.0  2780.3737
990.5  3057.1796
991.0  3295.0654
991.5  3480.4270
992.0  3616.0057
992.5  3716.4286
993.0  3802.9371
993.5  3898.9198
994.0  4026.9177
994.5  4207.0753
995.0  4456.5536
995.5  4789.5522
996.0  5217.6724
996.5  5750.4058
997.0  6395.6200
997.5  7160.0118
998.0  8049.4944
998.5  9069.5027
999.0  10225.0758
999.5  11520.5954
1000.0  12959.2162
